kind,level,trial,success,reason,root_real,root_imag,error_abs,residual,condition_number,window_spread,confident,confidence_with_envelope,false_confident,window_envelope_covered,window_envelope_available,phase_offset,phase_slope,halfwidth,exact_full_zero_real,exact_full_zero_imag,bare_reference_displacement,coupling,dark_pole_real,dark_pole_imag,residue_abs,component_snr,visible
instrument_background,0.0,0,1,ok,0.3100196757945149,-0.013997872546363178,1.495750454236587e-05,0.0002510422995849675,515.9359669844695,8.099269836575983e-05,1,1,0,1,1,,,,,,,,,,,,
instrument_background,0.0,1,1,ok,0.31001323228015787,-0.014033911086280383,3.262239441332375e-05,0.00024259213050858327,515.6339846898411,2.8000475006777387e-05,1,1,1,0,1,,,,,,,,,,,,
instrument_background,0.0,2,1,ok,0.30999364030879384,-0.014000175233225306,1.1914686818739583e-05,0.00023892947959068797,515.9908973447066,4.819269998334913e-05,1,1,0,1,1,,,,,,,,,,,,
instrument_background,0.0,3,1,ok,0.3100262599014792,-0.014010196856882458,2.2347722409587044e-05,0.00025908023459676803,515.7168733909184,6.33080111522326e-05,1,1,0,1,1,,,,,,,,,,,,
instrument_background,0.0,4,1,ok,0.3099884906221315,-0.01401447342819315,2.0843206449925687e-05,0.0002621459942950907,516.0401138621398,9.441404464047049e-05,1,1,0,1,1,,,,,,,,,,,,
instrument_background,0.0,5,1,ok,0.3100294954978757,-0.013996142421971067,2.4883528302149984e-05,0.0002547714448926661,515.5994681101522,3.633516835741489e-05,1,1,0,1,1,,,,,,,,,,,,
instrument_background,0.0,6,1,ok,0.30999671244792254,-0.014016018394905886,1.626612972131784e-05,0.0002447485687506527,515.960266496568,4.389196231529949e-05,1,1,0,1,1,,,,,,,,,,,,
instrument_background,0.0,7,1,ok,0.3099858428733952,-0.014013810507591424,2.26954438010582e-05,0.00025429148050579625,515.9080338432284,5.594213664989572e-05,1,1,0,1,1,,,,,,,,,,,,
instrument_background,0.0,8,1,ok,0.3099724739098742,-0.014014315923512438,3.504211965910144e-05,0.0002461828458115863,516.1006744921555,5.358341545098918e-05,1,1,0,1,1,,,,,,,,,,,,
instrument_background,0.0,9,1,ok,0.3099921980421369,-0.01399377525439173,1.5665063952247466e-05,0.00023283532403272115,515.8410557510376,3.698498183022569e-05,1,1,0,1,1,,,,,,,,,,,,
instrument_background,0.0,10,1,ok,0.3099969378534076,-0.013959057467378055,4.4008047711772083e-05,0.00024259267310909605,515.693452525684,4.046002681336802e-05,1,1,1,0,1,,,,,,,,,,,,
instrument_background,0.0,11,1,ok,0.31001252200235774,-0.013988356404272699,1.5624568127424738e-05,0.0002583221313018458,515.5558214463035,4.972663677470298e-05,1,1,0,1,1,,,,,,,,,,,,
instrument_background,0.0,12,1,ok,0.31004337693130574,-0.014039502006263572,5.321692737517458e-05,0.000262221915210966,515.7936323613669,9.377901271381242e-05,1,1,0,1,1,,,,,,,,,,,,
instrument_background,0.0,13,1,ok,0.31000192343782773,-0.014005736361167179,4.904856227864416e-06,0.00024942240569704357,515.9264195239315,4.0064795573161225e-05,1,1,0,1,1,,,,,,,,,,,,
instrument_background,0.0,14,1,ok,0.31002301872504184,-0.013990319080329326,2.130038225557245e-05,0.00024491397908719134,515.5586537982125,1.9215251964608003e-05,1,1,1,0,1,,,,,,,,,,,,
instrument_background,0.0,15,1,ok,0.3100121741511204,-0.013967691185607497,3.522123760738139e-05,0.000249504909728795,515.535324253369,4.477069600648936e-05,1,1,0,1,1,,,,,,,,,,,,
instrument_background,0.0,16,1,ok,0.309990820624755,-0.01399664060128567,1.5595931380384826e-05,0.00023689508550687116,515.8732518666509,4.888272715357714e-05,1,1,0,1,1,,,,,,,,,,,,
instrument_background,0.0,17,1,ok,0.310008318234199,-0.013994274991973508,8.50104263475301e-06,0.00024424384752923874,515.7479299187346,2.731226248699511e-05,1,1,0,1,1,,,,,,,,,,,,
instrument_background,0.0,18,1,ok,0.3100025351133613,-0.014027274357579183,2.5185211596197446e-05,0.00025294977461993426,516.1058081221896,3.657835175039423e-05,1,1,0,1,1,,,,,,,,,,,,
instrument_background,0.0,19,1,ok,0.3100175140281707,-0.013968318985684505,3.603729608019603e-05,0.000252167272138982,515.543868380987,5.470079578200084e-05,1,1,0,1,1,,,,,,,,,,,,
instrument_background,0.0,20,1,ok,0.31003630102997504,-0.014016283301310127,3.396302086790051e-05,0.0002530068196137388,515.59372945254,3.238097232734291e-05,1,1,1,0,1,,,,,,,,,,,,
instrument_background,0.0,21,1,ok,0.3099638024563657,-0.014001639327889557,4.157506196385214e-05,0.00024376207998219173,516.1338995283991,8.683700208761413e-05,1,1,0,1,1,,,,,,,,,,,,
instrument_background,0.0,22,1,ok,0.31002232969459703,-0.014011755530737625,1.9439440193622487e-05,0.00026019419018690496,515.818299344441,7.041541863050579e-05,1,1,0,1,1,,,,,,,,,,,,
instrument_background,0.0,23,1,ok,0.3100251078161239,-0.013989708059465906,2.3382693382753074e-05,0.00023573804389723268,515.3355916176065,4.3419107636725297e-05,1,1,0,1,1,,,,,,,,,,,,
instrument_background,0.0,24,1,ok,0.3100178277222781,-0.014013052310266023,1.6486927295614434e-05,0.00023663565278675424,515.6801902341628,4.799458003830515e-05,1,1,0,1,1,,,,,,,,,,,,
instrument_background,0.0,25,1,ok,0.3100132415553183,-0.013974819144411814,2.8536653952838054e-05,0.00025088715959577755,515.5645394413214,2.5635566662872378e-05,1,1,1,0,1,,,,,,,,,,,,
instrument_background,0.0,26,1,ok,0.30999958454880683,-0.014002958261223952,5.831715137114957e-06,0.00023018634935515926,515.9976510685993,4.513017498363906e-05,1,1,0,1,1,,,,,,,,,,,,
instrument_background,0.0,27,1,ok,0.31001961893353336,-0.013983747667785904,2.3350911919140984e-05,0.0002554109227545541,515.7270258290063,4.478557293260429e-05,1,1,0,1,1,,,,,,,,,,,,
instrument_background,0.0,28,1,ok,0.30999138335523807,-0.014003223091760691,1.4023518116606404e-05,0.00023881894969010037,516.0020031466199,5.060397624762914e-05,1,1,0,1,1,,,,,,,,,,,,
instrument_background,0.0,29,1,ok,0.3100089620564612,-0.014005815410126032,5.059289262407645e-06,0.00024657948151314855,515.925809070163,2.6814049712770065e-05,1,1,0,1,1,,,,,,,,,,,,
instrument_background,0.0,30,1,ok,0.3100273266915905,-0.014019332000499,2.7816775228279414e-05,0.000245654014756383,515.6297660100167,2.1923781782128275e-05,1,1,1,0,1,,,,,,,,,,,,
instrument_background,0.0,31,1,ok,0.3100001303829163,-0.014022817808105438,2.1225897953840947e-05,0.00024419058322915093,515.9737859352535,5.2852725452585606e-05,1,1,0,1,1,,,,,,,,,,,,
instrument_background,0.0,32,1,ok,0.3100049228268844,-0.014007842782409638,5.611323763480214e-06,0.00024475333338185576,515.901690046546,6.40484928629023e-05,1,1,0,1,1,,,,,,,,,,,,
instrument_background,0.0,33,1,ok,0.30998241323093073,-0.014007143216697547,2.3475536407755458e-05,0.00025747709534506717,515.8598223672533,7.494255035198758e-05,1,1,0,1,1,,,,,,,,,,,,
instrument_background,0.0,34,1,ok,0.31002285800696694,-0.013971165379051954,3.566440358018942e-05,0.0002486281049093132,515.4835799620954,4.558897042534377e-05,1,1,0,1,1,,,,,,,,,,,,
instrument_background,0.0,35,1,ok,0.3100391093970527,-0.014007327543083845,3.4116386480504504e-05,0.00024785287636100813,515.5473711192277,7.0738887814396e-05,1,1,0,1,1,,,,,,,,,,,,
instrument_background,0.0,36,1,ok,0.31002527504732647,-0.013986059534353648,2.565553487250216e-05,0.00023454552770201786,515.39134937767,4.614026772998723e-05,1,1,0,1,1,,,,,,,,,,,,
instrument_background,0.0,37,1,ok,0.30998515307779595,-0.014007272550825234,2.0834524558565957e-05,0.00023637213194743585,516.0799316050114,5.188846054403851e-05,1,1,0,1,1,,,,,,,,,,,,
instrument_background,0.0,38,1,ok,0.3100292649548371,-0.014001026503848294,2.392319883654922e-05,0.00024362859822389378,515.6438572488001,5.5132520675407364e-05,1,1,0,1,1,,,,,,,,,,,,
instrument_background,0.0,39,1,ok,0.310007558077816,-0.014043790838282659,4.15987154442352e-05,0.00023755484673469325,516.0419232303185,3.5169398697002775e-05,1,1,1,0,1,,,,,,,,,,,,
instrument_background,0.0,40,1,ok,0.31000988533904467,-0.014022193156804108,2.0447697825469385e-05,0.0002665959230357123,516.0935462333456,6.389787341054475e-05,1,1,0,1,1,,,,,,,,,,,,
instrument_background,0.0,41,1,ok,0.30998606772984955,-0.0140149552932848,2.3111272934290084e-05,0.00023850388976310636,516.0050078316171,3.0392839744215634e-05,1,1,0,1,1,,,,,,,,,,,,
instrument_background,0.0,42,1,ok,0.31004255192117736,-0.014029569284378367,4.613715611400619e-05,0.00025945383924013803,515.5631477279269,8.387646712430816e-05,1,1,0,1,1,,,,,,,,,,,,
instrument_background,0.0,43,1,ok,0.31000454422633983,-0.0140158134806422,1.3589230293614475e-05,0.0002434408303022356,516.0740776076859,4.706842887925526e-05,1,1,0,1,1,,,,,,,,,,,,
instrument_background,0.0,44,1,ok,0.30996896556258025,-0.013990756702193227,3.817839598857565e-05,0.00025798835950607835,516.1168297062237,8.665225375549984e-05,1,1,0,1,1,,,,,,,,,,,,
instrument_background,0.0,45,1,ok,0.31004572511117096,-0.013988485597580735,4.26349154471743e-05,0.00025624228128321824,515.3930232073367,3.200349112430456e-05,1,1,1,0,1,,,,,,,,,,,,
instrument_background,0.0,46,1,ok,0.3100228759488938,-0.01401024246435514,1.924158325637083e-05,0.00024890147123801394,515.5829206861215,3.459658287140228e-05,1,1,0,1,1,,,,,,,,,,,,
instrument_background,0.0,47,1,ok,0.3099892535970769,-0.014004115081303952,1.6227034407727578e-05,0.00023820842134828583,515.9993942207718,4.933288883617217e-05,1,1,0,1,1,,,,,,,,,,,,
instrument_background,0.0,48,1,ok,0.3099797117153663,-0.014005712138402815,2.589388150118077e-05,0.00024370720410188634,516.0769788412301,4.595263286873545e-05,1,1,0,1,1,,,,,,,,,,,,
instrument_background,0.0,49,1,ok,0.3100263219542967,-0.014013664727851156,2.3857144254805755e-05,0.00024407239008041653,515.6199408524604,5.898964742822918e-05,1,1,0,1,1,,,,,,,,,,,,
instrument_background,0.0,50,1,ok,0.3100122988769573,-0.014008654738300657,9.433645812144889e-06,0.00024706419476852983,515.8942270714923,5.150118031090424e-05,1,1,0,1,1,,,,,,,,,,,,
instrument_background,0.0,51,1,ok,0.3099927284723505,-0.014018232420543054,2.0379825238661165e-05,0.00024179013711402706,516.052510438806,5.138066879328849e-05,1,1,0,1,1,,,,,,,,,,,,
instrument_background,0.0,52,1,ok,0.3100193011462508,-0.013994614815027638,1.58833657695736e-05,0.00024796543252603333,515.6713169841502,3.942350141180673e-05,1,1,0,1,1,,,,,,,,,,,,
instrument_background,0.0,53,1,ok,0.3100244005655752,-0.014001114162887221,1.9061370303995817e-05,0.00026163769364112533,515.9202344388814,5.898508041992735e-05,1,1,0,1,1,,,,,,,,,,,,
instrument_background,0.0,54,1,ok,0.31005031705832403,-0.014029518778279529,5.256972207555617e-05,0.00024406852348423375,515.4565688644809,4.104634035335261e-05,1,1,1,0,1,,,,,,,,,,,,
instrument_background,0.0,55,1,ok,0.3100084097983321,-0.01400724540952018,5.846411472191116e-06,0.0002402895555187851,515.8623151865219,4.4001464640423665e-05,1,1,0,1,1,,,,,,,,,,,,
instrument_background,0.0,56,1,ok,0.3100132929346747,-0.013993049375443838,1.2139519087158125e-05,0.00024575620485891924,515.6907466121737,3.290725634011244e-05,1,1,0,1,1,,,,,,,,,,,,
instrument_background,0.0,57,1,ok,0.31002071045234636,-0.014016661837812201,2.1046384468197023e-05,0.0002417384271099246,516.2446178650055,4.16313156632609e-05,1,1,0,1,1,,,,,,,,,,,,
instrument_background,0.0,58,1,ok,0.3100631691704345,-0.01397681764607186,6.314407644005598e-05,0.0002507961264006427,515.4521297341663,7.958483313195553e-05,1,1,0,1,1,,,,,,,,,,,,
instrument_background,0.0,59,1,ok,0.310002549222933,-0.014018084736222328,1.6084996233545295e-05,0.00023244463157951378,516.145301706924,5.4229439448541614e-05,1,1,0,1,1,,,,,,,,,,,,
instrument_background,0.0002,0,1,ok,0.3100024910416681,-0.014007151975794415,5.686800871039236e-06,0.00024842864471130656,516.0751028528737,4.179311461873963e-05,1,1,0,1,1,,,,,,,,,,,,
instrument_background,0.0002,1,1,ok,0.3099918205764562,-0.0139602989369582,4.4085406804874857e-05,0.0002561235159137531,515.5262672172588,8.794119625389535e-05,1,1,0,1,1,,,,,,,,,,,,
instrument_background,0.0002,2,1,ok,0.3100053915381268,-0.014018144732808657,1.5895194816287278e-05,0.0002567941199311823,515.9048620933769,6.543594879653594e-05,1,1,0,1,1,,,,,,,,,,,,
instrument_background,0.0002,3,1,ok,0.3100134380859257,-0.014020218844622998,1.9696206812889496e-05,0.00023123259861733612,516.041033825027,1.993893406945148e-05,1,1,0,1,1,,,,,,,,,,,,
instrument_background,0.0002,4,1,ok,0.3100159417154047,-0.013983773763816897,2.1285007234645744e-05,0.0002481799979506644,515.8667592367717,6.353363490573561e-05,1,1,0,1,1,,,,,,,,,,,,
instrument_background,0.0002,5,1,ok,0.30998065305776035,-0.0139632800928786,4.614862949070209e-05,0.0002654248026262435,515.6430819768541,6.242759519901131e-05,1,1,0,1,1,,,,,,,,,,,,
instrument_background,0.0002,6,1,ok,0.3100128806052167,-0.013994565526777535,1.0742799082407851e-05,0.000238965602867837,515.5530657837488,3.899391335706249e-05,1,1,0,1,1,,,,,,,,,,,,
instrument_background,0.0002,7,1,ok,0.31001528052887173,-0.014015331788878765,1.6410464532045158e-05,0.0002520255155951423,516.104545293152,5.324853744679778e-05,1,1,0,1,1,,,,,,,,,,,,
instrument_background,0.0002,8,1,ok,0.31004772357220267,-0.013981322066713934,4.723904210169276e-05,0.00025392112602342206,515.3976448492132,7.056615189399208e-05,1,1,0,1,1,,,,,,,,,,,,
instrument_background,0.0002,9,1,ok,0.3100249901809795,-0.01398672256040298,2.5018385140504473e-05,0.0002648787425570685,515.5188957506496,3.6138783236930945e-05,1,1,0,1,1,,,,,,,,,,,,
instrument_background,0.0002,10,1,ok,0.3099985339195288,-0.013996559662777694,8.89653689092466e-06,0.00025539078321774135,515.8028603212493,8.088546094262223e-05,1,1,0,1,1,,,,,,,,,,,,
instrument_background,0.0002,11,1,ok,0.3099973250898411,-0.014045892785818439,4.4379067587624126e-05,0.00025331740633564577,516.2002936129145,6.946864984082242e-05,1,1,0,1,1,,,,,,,,,,,,
instrument_background,0.0002,12,1,ok,0.31007535737853353,-0.01399543787502326,7.031505219936246e-05,0.00023013429300045309,515.4731053991555,5.906627164643195e-05,1,1,1,0,1,,,,,,,,,,,,
instrument_background,0.0002,13,1,ok,0.3100135705060219,-0.013955050607641807,4.7905516327887e-05,0.0002616757105999164,515.2774019144723,0.00010989003383360903,1,1,0,1,1,,,,,,,,,,,,
instrument_background,0.0002,14,1,ok,0.31002550599767953,-0.013997515444379027,2.0682063167963105e-05,0.00023671453446745904,515.5209953445199,3.7500656515287646e-05,1,1,0,1,1,,,,,,,,,,,,
instrument_background,0.0002,15,1,ok,0.3099737062145554,-0.013993755469655842,3.2786234937649326e-05,0.0002539789803787225,516.0260952100923,6.277050385715193e-05,1,1,0,1,1,,,,,,,,,,,,
instrument_background,0.0002,16,1,ok,0.3099993638613804,-0.014022424717126091,2.105107227992623e-05,0.00023587729454443372,516.131015810294,3.260322858411543e-05,1,1,0,1,1,,,,,,,,,,,,
instrument_background,0.0002,17,1,ok,0.30997064999566903,-0.01399621925722985,3.524278947838109e-05,0.0002492090439855885,516.1068503725689,5.9205858696128234e-05,1,1,0,1,1,,,,,,,,,,,,
instrument_background,0.0002,18,1,ok,0.3100102296823868,-0.014010194676494775,9.31192954832224e-06,0.0002497497900134024,515.8772071379674,4.659927167585612e-05,1,1,0,1,1,,,,,,,,,,,,
instrument_background,0.0002,19,1,ok,0.3099976688469678,-0.013993529044876513,1.1636226847494841e-05,0.00024456658312507057,515.7158640197717,7.068177490555727e-05,1,1,0,1,1,,,,,,,,,,,,
instrument_background,0.0002,20,1,ok,0.3100096397376005,-0.014009358309279997,8.290909855411037e-06,0.00024438521026999083,516.0090603319437,2.3778540411596022e-05,1,1,0,1,1,,,,,,,,,,,,
instrument_background,0.0002,21,1,ok,0.30997444098622795,-0.014025909529351833,3.894337710708793e-05,0.00027058422615703194,516.5243115008492,0.00012114950343824641,1,1,0,1,1,,,,,,,,,,,,
instrument_background,0.0002,22,1,ok,0.3099960529740024,-0.014013647560348669,1.472339277797157e-05,0.00026862871531257645,516.1066276175302,4.1250118825104066e-05,1,1,0,1,1,,,,,,,,,,,,
instrument_background,0.0002,23,1,ok,0.3099868915378376,-0.014010720083565697,2.0330171545402612e-05,0.00024807098890433323,516.1895509859092,1.9945018705888533e-05,1,1,1,0,1,,,,,,,,,,,,
instrument_background,0.0002,24,1,ok,0.31004957304507497,-0.014036200791363097,5.5734435855119397e-05,0.0002502299181264008,515.6793161465594,3.0187636181884503e-05,1,1,1,0,1,,,,,,,,,,,,
instrument_background,0.0002,25,1,ok,0.31000059786565154,-0.013985926995713414,1.700670532664166e-05,0.00024885858422801267,515.2644727672124,5.754301822891451e-05,1,1,0,1,1,,,,,,,,,,,,
instrument_background,0.0002,26,1,ok,0.30997962056379613,-0.013964594631812878,4.561888633876539e-05,0.0002484711610252992,515.6292920184169,6.908435401098083e-05,1,1,0,1,1,,,,,,,,,,,,
instrument_background,0.0002,27,1,ok,0.30998367647709013,-0.013999099068168274,2.1924104582293582e-05,0.00027538081537650723,515.8212497567896,8.486673976042768e-05,1,1,0,1,1,,,,,,,,,,,,
instrument_background,0.0002,28,1,ok,0.30999796718147565,-0.014015629441084303,1.5292751758897454e-05,0.0002530820254843553,516.148399282147,4.0091612846935505e-05,1,1,0,1,1,,,,,,,,,,,,
instrument_background,0.0002,29,1,ok,0.3100243379063286,-0.01396628143109965,4.066167298424128e-05,0.0002655387281211338,515.5142690773768,0.00010098712653132731,1,1,0,1,1,,,,,,,,,,,,
instrument_background,0.0002,30,1,ok,0.3099791152970383,-0.013992791581842561,2.7909177586155565e-05,0.0002409626034305582,515.8580806681515,6.774343048709683e-05,1,1,0,1,1,,,,,,,,,,,,
instrument_background,0.0002,31,1,ok,0.3100089085774766,-0.013989917721328899,1.2828639612177856e-05,0.00023910319452721132,515.5958110724388,4.961730734548436e-05,1,1,0,1,1,,,,,,,,,,,,
instrument_background,0.0002,32,1,ok,0.310002333288242,-0.013980668469251674,2.179410659260663e-05,0.00026882674169787765,515.9632690840707,3.364525235896814e-05,1,1,0,1,1,,,,,,,,,,,,
instrument_background,0.0002,33,1,ok,0.3100109044044792,-0.013957173433135479,4.541422898800842e-05,0.00026492775567666033,515.7707588385592,0.00010254740037944595,1,1,0,1,1,,,,,,,,,,,,
instrument_background,0.0002,34,1,ok,0.3100152779137365,-0.01403007620949742,2.953691885641352e-05,0.00023846906415012556,516.2444839282964,4.596670487123182e-05,1,1,0,1,1,,,,,,,,,,,,
instrument_background,0.0002,35,1,ok,0.3099906537444073,-0.01400207562866183,1.4720322867108882e-05,0.00026698098143928395,515.8098696485887,5.941084225851742e-05,1,1,0,1,1,,,,,,,,,,,,
instrument_background,0.0002,36,1,ok,0.3100113199102979,-0.014009076047695588,9.053527289642279e-06,0.00023667893246799007,515.69906667563,5.009844296865947e-05,1,1,0,1,1,,,,,,,,,,,,
instrument_background,0.0002,37,1,ok,0.31004867572735395,-0.014028768016388322,5.077747408247322e-05,0.000259508446021269,515.7069993280476,5.313534371576595e-05,1,1,0,1,1,,,,,,,,,,,,
instrument_background,0.0002,38,1,ok,0.3100508323347986,-0.014015058193397947,4.7229322232436085e-05,0.0002535967665185186,515.9672410659625,6.434881504418941e-05,1,1,0,1,1,,,,,,,,,,,,
instrument_background,0.0002,39,1,ok,0.3100202281217124,-0.014013918825416128,1.889035404992957e-05,0.00023697340532770266,516.3375302272866,4.3063733469397866e-05,1,1,0,1,1,,,,,,,,,,,,
instrument_background,0.0002,40,1,ok,0.30997699732274353,-0.013997715331143879,2.8735699892607755e-05,0.0002480223345510529,515.946308154891,9.763462687770913e-05,1,1,0,1,1,,,,,,,,,,,,
instrument_background,0.0002,41,1,ok,0.3099903351658001,-0.014007633693019826,1.597268493863938e-05,0.00023735691941406347,515.8366781705769,6.709988404328819e-05,1,1,0,1,1,,,,,,,,,,,,
instrument_background,0.0002,42,1,ok,0.30996615485357926,-0.01399744861506227,3.951094905795231e-05,0.0002447669588573461,515.9263686923352,4.9134159508059126e-05,1,1,0,1,1,,,,,,,,,,,,
instrument_background,0.0002,43,1,ok,0.31000093930251854,-0.014061303130800255,5.921979043011072e-05,0.00024262333452573244,516.1040831178076,7.674416365701772e-05,1,1,0,1,1,,,,,,,,,,,,
instrument_background,0.0002,44,1,ok,0.3100228660471036,-0.013995322489891332,1.881460732351901e-05,0.00024367918665053393,515.6278886577777,3.6752084977187704e-05,1,1,0,1,1,,,,,,,,,,,,
instrument_background,0.0002,45,1,ok,0.30997900773943926,-0.013991989462009323,2.8291313925379883e-05,0.00025839987940698926,516.4423205233043,5.126543112783966e-05,1,1,0,1,1,,,,,,,,,,,,
instrument_background,0.0002,46,1,ok,0.30995728885907653,-0.01400787262391134,4.841185196707913e-05,0.00025228888412742956,515.9928285883956,4.271905449766441e-05,1,1,1,0,1,,,,,,,,,,,,
instrument_background,0.0002,47,1,ok,0.30999110131562546,-0.014005947029130416,1.474291261180655e-05,0.00023635254933259057,515.7818881082532,2.5608210386530442e-05,1,1,0,1,1,,,,,,,,,,,,
instrument_background,0.0002,48,1,ok,0.31003868689339614,-0.01399991429757938,3.339560208928171e-05,0.000241917520133556,515.5682506112246,1.1002256357004918e-05,1,1,1,0,1,,,,,,,,,,,,
instrument_background,0.0002,49,1,ok,0.310057689755698,-0.014038567651336141,6.368707354278582e-05,0.00024173209224027456,515.9711682479375,2.9623062183780685e-05,1,1,1,0,1,,,,,,,,,,,,
instrument_background,0.0002,50,1,ok,0.3100282484691469,-0.014019230790035687,2.8489433528905305e-05,0.00026160933021124316,515.9082628730038,6.827531772631426e-05,1,1,0,1,1,,,,,,,,,,,,
instrument_background,0.0002,51,1,ok,0.30999926796050437,-0.01403121367004419,2.9600545861429284e-05,0.00024141416884862883,516.1962361176165,6.942588288861956e-05,1,1,0,1,1,,,,,,,,,,,,
instrument_background,0.0002,52,1,ok,0.3100102655102764,-0.01402219738196322,2.053904371996079e-05,0.00025068918608211533,515.4129914612636,5.5826745037159994e-05,1,1,0,1,1,,,,,,,,,,,,
instrument_background,0.0002,53,1,ok,0.31000538966509494,-0.013968136377946585,3.411317486088687e-05,0.0002443341855180678,515.9533546549854,5.612284841157226e-05,1,1,0,1,1,,,,,,,,,,,,
instrument_background,0.0002,54,1,ok,0.3100002380606139,-0.014018542719664849,1.7083191434502923e-05,0.00025734705721365813,515.765603219787,7.728583473027141e-05,1,1,0,1,1,,,,,,,,,,,,
instrument_background,0.0002,55,1,ok,0.3100368340483047,-0.013962090058294905,5.1015485195179646e-05,0.00026316270767619537,515.1749676733814,0.00011264765869903012,1,1,0,1,1,,,,,,,,,,,,
instrument_background,0.0002,56,1,ok,0.3100089979544596,-0.014009452548959737,8.063697548749155e-06,0.00024545034590801136,516.2652585424265,3.657916543364498e-05,1,1,0,1,1,,,,,,,,,,,,
instrument_background,0.0002,57,1,ok,0.3100513564940333,-0.01394907553813812,7.02990289239156e-05,0.00024372465093838432,515.250384768539,9.049126320924159e-05,1,1,0,1,1,,,,,,,,,,,,
instrument_background,0.0002,58,1,ok,0.3099906794397884,-0.013986988359877902,2.1185036406296473e-05,0.00025159788393130467,515.6025171614837,4.570890057170097e-05,1,1,0,1,1,,,,,,,,,,,,
instrument_background,0.0002,59,1,ok,0.310001547730727,-0.014010619058008498,9.202264650276568e-06,0.00024018397010917007,516.0158915291316,2.272918354753045e-05,1,1,0,1,1,,,,,,,,,,,,
instrument_background,0.0008,0,1,ok,0.31003568660381153,-0.013989306798087959,3.296099145074837e-05,0.00024063415055222432,516.2715479647638,4.7975504314045806e-05,1,1,0,1,1,,,,,,,,,,,,
instrument_background,0.0008,1,1,ok,0.3099661684832825,-0.014031691851494308,4.902903673266973e-05,0.0002536925516425758,516.6872473497668,7.311464703609872e-05,1,1,0,1,1,,,,,,,,,,,,
instrument_background,0.0008,2,1,ok,0.30999451422936186,-0.013975484649731277,2.888379448993736e-05,0.00024754152769937166,515.0261658589217,2.3350383759258856e-05,1,1,1,0,1,,,,,,,,,,,,
instrument_background,0.0008,3,1,ok,0.31002368977343026,-0.014007287748518489,1.8997004695683307e-05,0.00022879913658108077,515.622004572878,4.0925375107813455e-05,1,1,0,1,1,,,,,,,,,,,,
instrument_background,0.0008,4,1,ok,0.31001084803191914,-0.01399510845121588,8.998378336711507e-06,0.0002598898992667058,516.8689780245642,6.959404768218518e-05,1,1,0,1,1,,,,,,,,,,,,
instrument_background,0.0008,5,1,ok,0.30999834377794727,-0.013970027042149506,3.2980304036468534e-05,0.0002452780544500141,515.7220017155862,5.834848769462997e-05,1,1,0,1,1,,,,,,,,,,,,
instrument_background,0.0008,6,1,ok,0.3100094315736158,-0.013996614020329923,6.9448453767964645e-06,0.00025718032394383766,515.314235441296,4.229415496071499e-05,1,1,0,1,1,,,,,,,,,,,,
instrument_background,0.0008,7,1,ok,0.3100205259319704,-0.01399397478272208,1.726504832846501e-05,0.00025175769067706813,515.1004665357682,7.939507412506666e-05,1,1,0,1,1,,,,,,,,,,,,
instrument_background,0.0008,8,1,ok,0.31002659695082363,-0.014053429553238172,5.5406202338185646e-05,0.0002493638941332834,516.9187906321866,7.65473216983004e-05,1,1,0,1,1,,,,,,,,,,,,
instrument_background,0.0008,9,1,ok,0.31002701457743975,-0.014033650993066324,3.8136686481597515e-05,0.00024045631484884665,516.9010705607366,4.669245635029917e-05,1,1,0,1,1,,,,,,,,,,,,
instrument_background,0.0008,10,1,ok,0.30999511583110984,-0.014013096847078375,1.4928972207790234e-05,0.0002333658480885238,514.8446915181993,4.5117551668233564e-05,1,1,0,1,1,,,,,,,,,,,,
instrument_background,0.0008,11,1,ok,0.31005222823826467,-0.013996912624532669,4.7158163476942986e-05,0.0002765578426958628,515.9658296112075,5.461945470419139e-05,1,1,0,1,1,,,,,,,,,,,,
instrument_background,0.0008,12,1,ok,0.31004439070149614,-0.013996306286677623,3.9467711964238446e-05,0.00024308429492239336,516.8637431212306,5.530901036131503e-05,1,1,0,1,1,,,,,,,,,,,,
instrument_background,0.0008,13,1,ok,0.31004082307405395,-0.013985261579949842,3.9310253270081355e-05,0.0002550330145110929,515.298739123394,6.692904712354847e-05,1,1,0,1,1,,,,,,,,,,,,
instrument_background,0.0008,14,1,ok,0.3099825519681362,-0.013997584388269344,2.329302545077163e-05,0.0002705983637316759,517.0318518870888,4.383179882528507e-05,1,1,0,1,1,,,,,,,,,,,,
instrument_background,0.0008,15,1,ok,0.31001867173782643,-0.014012046282068272,1.6517607349559027e-05,0.00023969972221112343,516.7426326725816,1.3954858836932602e-05,1,1,1,0,1,,,,,,,,,,,,
instrument_background,0.0008,16,1,ok,0.3100034123583136,-0.01397718388282907,2.5142233001430105e-05,0.0002575165143862715,515.1618241309061,4.9554129918789235e-05,1,1,0,1,1,,,,,,,,,,,,
instrument_background,0.0008,17,1,ok,0.3100192870748462,-0.014006963826845584,1.4690976445739203e-05,0.00024925478368005767,516.4909787110977,2.9956368480888423e-05,1,1,0,1,1,,,,,,,,,,,,
instrument_background,0.0008,18,1,ok,0.31000594208247656,-0.013950357936925345,5.1894731793960087e-05,0.00027039437494021383,515.7361466357481,6.113759567097857e-05,1,1,0,1,1,,,,,,,,,,,,
instrument_background,0.0008,19,1,ok,0.3100025315290948,-0.014020727640439297,1.8695295006613823e-05,0.00025327217557997934,516.2499545210546,3.769037261445188e-05,1,1,0,1,1,,,,,,,,,,,,
instrument_background,0.0008,20,1,ok,0.3099870643977686,-0.014007962184408916,1.9179170457895626e-05,0.000277868083552814,516.5768881774547,8.846681879400774e-05,1,1,0,1,1,,,,,,,,,,,,
instrument_background,0.0008,21,1,ok,0.30998931614833714,-0.013987346735476263,2.1907021873984725e-05,0.00024589193292848797,515.8524843645636,4.165094873607943e-05,1,1,0,1,1,,,,,,,,,,,,
instrument_background,0.0008,22,1,ok,0.3100009124587053,-0.013975978058742703,2.66474758900641e-05,0.00023041043642093128,515.9765591176872,5.669654461822813e-05,1,1,0,1,1,,,,,,,,,,,,
instrument_background,0.0008,23,1,ok,0.3100537169628833,-0.014027016829084296,5.431899366789806e-05,0.0002604489370576155,515.7579735807806,5.517189928418743e-05,1,1,0,1,1,,,,,,,,,,,,
instrument_background,0.0008,24,1,ok,0.3099908801173736,-0.014000686685809812,1.4576945540795741e-05,0.0002391706397749895,516.451085880947,4.5012742832279644e-05,1,1,0,1,1,,,,,,,,,,,,
instrument_background,0.0008,25,1,ok,0.30999732665168866,-0.014019876070188201,1.937623852993901e-05,0.000258435781297535,516.7032985182981,5.308863318423941e-05,1,1,0,1,1,,,,,,,,,,,,
instrument_background,0.0008,26,1,ok,0.3100317463340532,-0.013993206748055962,2.7880511003463882e-05,0.0002457151724535047,516.7806392255198,2.2698741643945616e-05,1,1,1,0,1,,,,,,,,,,,,
instrument_background,0.0008,27,1,ok,0.3100197654433329,-0.014020744235500883,2.343490381856122e-05,0.0002496058991541627,515.0807238367526,4.483756615593415e-05,1,1,0,1,1,,,,,,,,,,,,
instrument_background,0.0008,28,1,ok,0.31000515250369215,-0.014009340015537745,7.093895640492895e-06,0.0002459326594397713,515.9936618457384,5.078989479420746e-05,1,1,0,1,1,,,,,,,,,,,,
instrument_background,0.0008,29,1,ok,0.3100111895349479,-0.01401806945226661,1.685529479960231e-05,0.00024378363730404837,515.6778656410328,2.8142010197378914e-05,1,1,0,1,1,,,,,,,,,,,,
instrument_background,0.0008,30,1,ok,0.30999758134113564,-0.014000134365667386,8.073696037807594e-06,0.00025070033965609337,515.8781379023056,6.146191257830914e-05,1,1,0,1,1,,,,,,,,,,,,
instrument_background,0.0008,31,1,ok,0.31002413339318385,-0.013983700735822597,2.6381988552965425e-05,0.000244901571888388,516.1389009663842,3.289340939114429e-05,1,1,0,1,1,,,,,,,,,,,,
instrument_background,0.0008,32,1,ok,0.31002885980007056,-0.013995364883791665,2.4475018269107488e-05,0.0002491648315405003,514.8281097564458,8.875758915051377e-05,1,1,0,1,1,,,,,,,,,,,,
instrument_background,0.0008,33,1,ok,0.310006380556832,-0.014006068773387783,3.94988193980252e-06,0.00024095846179823184,515.8136177784539,4.089113125008564e-05,1,1,0,1,1,,,,,,,,,,,,
instrument_background,0.0008,34,1,ok,0.30998077601684093,-0.014027630197515779,3.534389438546463e-05,0.00025759146791020336,514.9738190751132,3.620158644374196e-05,1,1,0,1,1,,,,,,,,,,,,
instrument_background,0.0008,35,1,ok,0.31002507905389753,-0.014059709680115655,6.074531823202658e-05,0.00025454012416507556,517.4084748363933,6.039049938979078e-05,1,1,1,0,1,,,,,,,,,,,,
instrument_background,0.0008,36,1,ok,0.3100217604541504,-0.013978700247522262,2.869001459422302e-05,0.00028120951267699004,515.8705006311122,0.00011751847431954342,1,1,0,1,1,,,,,,,,,,,,
instrument_background,0.0008,37,1,ok,0.30998746768328816,-0.013999567794402291,1.810507107254476e-05,0.0002592716298831413,517.5368002512058,9.679471873985224e-05,1,1,0,1,1,,,,,,,,,,,,
instrument_background,0.0008,38,1,ok,0.3099873876908698,-0.014024998757830408,2.899998775780704e-05,0.00024021056375627385,515.3905504254278,4.360711175354348e-05,1,1,0,1,1,,,,,,,,,,,,
instrument_background,0.0008,39,1,ok,0.3100207732849817,-0.014033495727159435,3.483520082032007e-05,0.0002643332497439047,515.0505969502896,8.592665637636777e-05,1,1,0,1,1,,,,,,,,,,,,
instrument_background,0.0008,40,1,ok,0.30998435982448463,-0.0139874349759993,2.5710441151909778e-05,0.00023849178070253885,516.0214871698682,4.488850194648427e-05,1,1,0,1,1,,,,,,,,,,,,
instrument_background,0.0008,41,1,ok,0.31000477218759853,-0.014005683438757044,3.486061375823979e-06,0.00024299991050801185,515.1909379419559,3.65099445756052e-05,1,1,0,1,1,,,,,,,,,,,,
instrument_background,0.0008,42,1,ok,0.3100073458069919,-0.014013534107042277,1.1455700156253284e-05,0.00025302512167752134,514.996038459834,2.6436667414460387e-05,1,1,0,1,1,,,,,,,,,,,,
instrument_background,0.0008,43,1,ok,0.31004970250759595,-0.014003393062173,4.43442142475913e-05,0.0002806043572462691,516.1732857475271,9.626109555538986e-05,1,1,0,1,1,,,,,,,,,,,,
instrument_background,0.0008,44,1,ok,0.3100683866122645,-0.013982380519996293,6.607184436283722e-05,0.0002528345601051573,516.0869117412565,4.204542638443066e-05,1,1,1,0,1,,,,,,,,,,,,
instrument_background,0.0008,45,1,ok,0.31000809368493143,-0.014037657928089569,3.5512747526715544e-05,0.0002772601524645946,515.8201512274012,0.0001127224326494926,1,1,0,1,1,,,,,,,,,,,,
instrument_background,0.0008,46,1,ok,0.3099796732097244,-0.014021358759452778,3.202566470511839e-05,0.00025628612173816327,516.3583355643992,8.431154731831566e-05,1,1,0,1,1,,,,,,,,,,,,
instrument_background,0.0008,47,1,ok,0.31000350261761,-0.014026349696047867,2.4172620434678668e-05,0.0002591817366075602,516.5223170832841,7.127914797481031e-05,1,1,0,1,1,,,,,,,,,,,,
instrument_background,0.0008,48,1,ok,0.3100232260020973,-0.014012323477213547,2.0499080395026057e-05,0.00024650552685503274,515.5534009464387,5.838591074768119e-05,1,1,0,1,1,,,,,,,,,,,,
instrument_background,0.0008,49,1,ok,0.31000037373291445,-0.014027101942646539,2.53502377010736e-05,0.00024365068808784808,516.3039177161521,9.578546844482018e-06,1,1,1,0,1,,,,,,,,,,,,
instrument_background,0.0008,50,1,ok,0.3099888974728925,-0.014005743141232834,1.6841896971615788e-05,0.0002577941638991609,515.7731963989447,9.172312363129451e-05,1,1,0,1,1,,,,,,,,,,,,
instrument_background,0.0008,51,1,ok,0.3099932969120917,-0.013980544240445897,2.483854402907149e-05,0.0002445108526444094,515.5623904227677,4.4447604429149455e-05,1,1,0,1,1,,,,,,,,,,,,
instrument_background,0.0008,52,1,ok,0.31000318346370453,-0.0139889945143532,1.3434663395182634e-05,0.000246944207717256,515.8053958731183,4.600657487373384e-05,1,1,0,1,1,,,,,,,,,,,,
instrument_background,0.0008,53,1,ok,0.3100028825554426,-0.01398005504302118,2.2333799434973086e-05,0.0002561068424623691,515.7362845539647,5.505933419906389e-05,1,1,0,1,1,,,,,,,,,,,,
instrument_background,0.0008,54,1,ok,0.3099882352228761,-0.013993514183040488,1.9235679956857012e-05,0.00025999305853685893,515.716672629741,7.640118008376023e-05,1,1,0,1,1,,,,,,,,,,,,
instrument_background,0.0008,55,1,ok,0.3100036389106626,-0.014015029069763204,1.2896641464444404e-05,0.00024364307547361286,515.6445552386268,4.3934964206987415e-05,1,1,0,1,1,,,,,,,,,,,,
instrument_background,0.0008,56,1,ok,0.31001214901883667,-0.014003621750526208,6.913525112788855e-06,0.0002627417592418416,514.4648293440373,5.374042238815401e-05,1,1,0,1,1,,,,,,,,,,,,
instrument_background,0.0008,57,1,ok,0.3099936966928206,-0.013991796145553797,1.567197235509047e-05,0.00025592391387100385,516.0173218233231,3.6612249231870725e-05,1,1,0,1,1,,,,,,,,,,,,
instrument_background,0.0008,58,1,ok,0.3100143583133496,-0.01398693991077573,1.7751624029926582e-05,0.0002548101893484578,515.2877975638743,6.861506410402141e-05,1,1,0,1,1,,,,,,,,,,,,
instrument_background,0.0008,59,1,ok,0.3099878933962167,-0.013992245421464987,2.0140022417145272e-05,0.0002453952681919823,514.7955025408115,7.198205811865769e-05,1,1,0,1,1,,,,,,,,,,,,
instrument_background,0.002,0,1,ok,0.3100167179083076,-0.013987177747782575,1.8864390418127173e-05,0.00026184872897787797,516.3794763884923,6.539373572803462e-05,1,1,0,1,1,,,,,,,,,,,,
instrument_background,0.002,1,1,ok,0.30997912507527386,-0.013996929102967601,2.6781762182707603e-05,0.00025760958455605336,516.048469962597,6.183022769081664e-05,1,1,0,1,1,,,,,,,,,,,,
instrument_background,0.002,2,1,ok,0.30997603667112594,-0.014018991253211766,3.3777317767484796e-05,0.0002940301960667337,517.451325609379,0.00013604570976729228,1,1,0,1,1,,,,,,,,,,,,
instrument_background,0.002,3,1,ok,0.31003259583693843,-0.013979442539214786,3.551394610278617e-05,0.00023561392003814639,515.2939679097793,3.596885539984159e-05,1,1,0,1,1,,,,,,,,,,,,
instrument_background,0.002,4,1,ok,0.31001754175962964,-0.014011603865010479,1.534864732363027e-05,0.0002479789532238881,516.909933103258,4.0233342102473166e-05,1,1,0,1,1,,,,,,,,,,,,
instrument_background,0.002,5,1,ok,0.3099890563246096,-0.014023119090481326,2.6490997842715206e-05,0.00025223948425159517,517.5020212309372,5.1592719658447536e-05,1,1,0,1,1,,,,,,,,,,,,
instrument_background,0.002,6,1,ok,0.3100181690819312,-0.013984714861793939,2.1707232455272158e-05,0.00023510950156350725,516.99848196796,3.957722565814614e-05,1,1,0,1,1,,,,,,,,,,,,
instrument_background,0.002,7,1,ok,0.3100028632560428,-0.01401942795292632,1.7360777182539102e-05,0.0002386124863035201,516.1881755168811,5.079144512056027e-05,1,1,0,1,1,,,,,,,,,,,,
instrument_background,0.002,8,1,ok,0.30999431211345607,-0.014045553738740054,4.469448469253744e-05,0.00024973506592521793,518.0788003685934,7.628431024331844e-05,1,1,0,1,1,,,,,,,,,,,,
instrument_background,0.002,9,1,ok,0.3099848663373467,-0.013985804463817164,2.628622575644966e-05,0.00024428548649582134,513.6264539770353,2.7081046279766634e-05,1,1,0,1,1,,,,,,,,,,,,
instrument_background,0.002,10,1,ok,0.30998683542903027,-0.01400553207226536,1.88259919781084e-05,0.0002485047237409047,517.9353535717602,5.024001393067759e-05,1,1,0,1,1,,,,,,,,,,,,
instrument_background,0.002,11,1,ok,0.3100149671074396,-0.013984964086673232,1.9769505131128938e-05,0.00025170495008692477,516.3346048846405,5.831586078733526e-05,1,1,0,1,1,,,,,,,,,,,,
instrument_background,0.002,12,1,ok,0.3100493347225025,-0.014006497829420997,4.416647409381033e-05,0.0002576275947113573,515.0443595336906,6.125908172220645e-05,1,1,0,1,1,,,,,,,,,,,,
instrument_background,0.002,13,1,ok,0.3100011474267322,-0.014035997692735518,3.401166017585472e-05,0.00024937291408707885,515.6869157895055,4.5553260693264965e-05,1,1,0,1,1,,,,,,,,,,,,
instrument_background,0.002,14,1,ok,0.3099793376455761,-0.014021278233538048,3.224798594285356e-05,0.00025498625055528546,512.5510230451065,4.9310883432914944e-05,1,1,0,1,1,,,,,,,,,,,,
instrument_background,0.002,15,1,ok,0.309991941291172,-0.014019564474956467,2.1913889220251182e-05,0.00025093169127840624,516.2437925511803,4.725397327493414e-05,1,1,0,1,1,,,,,,,,,,,,
instrument_background,0.002,16,1,ok,0.3100164940888962,-0.014021519820731205,2.2249069975972126e-05,0.0002500172613397565,515.3949949711339,2.723024818304237e-05,1,1,0,1,1,,,,,,,,,,,,
instrument_background,0.002,17,1,ok,0.3099877171623386,-0.01401926682802692,2.4521782215314048e-05,0.00025367195769290265,519.897538713486,0.00010109177693592538,1,1,0,1,1,,,,,,,,,,,,
instrument_background,0.002,18,1,ok,0.30997138400332974,-0.013974642602364641,4.378810443300757e-05,0.0002572840415498771,516.7749643039491,6.362771324194767e-05,1,1,0,1,1,,,,,,,,,,,,
instrument_background,0.002,19,1,ok,0.3100128767698489,-0.014011731703647516,1.2092031504194038e-05,0.00024059745357540992,518.1909569796856,4.2863689841263654e-05,1,1,0,1,1,,,,,,,,,,,,
instrument_background,0.002,20,1,ok,0.31000243371878766,-0.013987971547224936,1.4577411834506015e-05,0.0002674276041839165,514.5038306511603,4.779061205160058e-05,1,1,0,1,1,,,,,,,,,,,,
instrument_background,0.002,21,1,ok,0.31001571499259795,-0.013999158757589187,1.0793932440667413e-05,0.00025277827602512143,515.6335343952022,4.8653224691952324e-05,1,1,0,1,1,,,,,,,,,,,,
instrument_background,0.002,22,1,ok,0.31000373599241005,-0.013991179012465509,1.1190920335252613e-05,0.0002490568923767816,516.1938339873526,4.009490923179322e-05,1,1,0,1,1,,,,,,,,,,,,
instrument_background,0.002,23,1,ok,0.31000558442359827,-0.013980666073805681,2.158451004883492e-05,0.0002493535958625976,517.1396009973081,5.415413900289665e-05,1,1,0,1,1,,,,,,,,,,,,
instrument_background,0.002,24,1,ok,0.310038328584087,-0.013960454905082378,5.322461966519036e-05,0.00026224561940678105,516.0887301144202,8.013509084570671e-05,1,1,0,1,1,,,,,,,,,,,,
instrument_background,0.002,25,1,ok,0.3099678618501747,-0.014023325415124981,4.3026520785998674e-05,0.00023461902177963187,515.663244722845,4.926802122531948e-05,1,1,0,1,1,,,,,,,,,,,,
instrument_background,0.002,26,1,ok,0.3099767913015372,-0.013992303563010849,3.0262821994430448e-05,0.00025746434308039596,514.553242037293,4.284888909166347e-05,1,1,0,1,1,,,,,,,,,,,,
instrument_background,0.002,27,1,ok,0.31003981984364165,-0.01398101556722621,4.046559360648073e-05,0.0002623257176956538,514.7587029173941,5.527582394014689e-05,1,1,0,1,1,,,,,,,,,,,,
instrument_background,0.002,28,1,ok,0.310024935397247,-0.014050316797140559,5.189553155893047e-05,0.0002249604893739555,518.8334976550901,6.108086255969819e-05,1,1,0,1,1,,,,,,,,,,,,
instrument_background,0.002,29,1,ok,0.3100590446887648,-0.014037361855471466,6.41367288262281e-05,0.00026417959022805146,517.9029671445148,8.47258135873846e-05,1,1,0,1,1,,,,,,,,,,,,
instrument_background,0.002,30,1,ok,0.3100221489969734,-0.013981726995128457,2.6506752841447795e-05,0.00024851087657282097,516.0708421331175,4.845801253259184e-05,1,1,0,1,1,,,,,,,,,,,,
instrument_background,0.002,31,1,ok,0.31004118047685003,-0.01398518816701467,3.966438319704264e-05,0.00024886726109562364,517.7341929807171,2.5467546582349594e-05,1,1,1,0,1,,,,,,,,,,,,
instrument_background,0.002,32,1,ok,0.3100142683502832,-0.014021143853824424,2.0883517722041775e-05,0.00024126086906903947,516.0024243982716,5.0906502846215205e-05,1,1,0,1,1,,,,,,,,,,,,
instrument_background,0.002,33,1,ok,0.30999594248068857,-0.014021781738050076,2.1689671826192654e-05,0.00027269793873069113,516.4980714022889,8.910715358897345e-05,1,1,0,1,1,,,,,,,,,,,,
instrument_background,0.002,34,1,ok,0.3100439304454502,-0.01397505253151151,4.718422699181288e-05,0.00024262307692158718,514.1912159632035,3.0399716496653273e-05,1,1,1,0,1,,,,,,,,,,,,
instrument_background,0.002,35,1,ok,0.31002284647201084,-0.014031885319369873,3.440348431171822e-05,0.0002504483555995296,513.8889430727136,7.002322176712885e-05,1,1,0,1,1,,,,,,,,,,,,
instrument_background,0.002,36,1,ok,0.30998300423506264,-0.013997659916639033,2.2834801263377478e-05,0.00024785620372797017,513.6615969559771,6.37267153694732e-05,1,1,0,1,1,,,,,,,,,,,,
instrument_background,0.002,37,1,ok,0.31000041842158266,-0.014015904382453431,1.45259328465815e-05,0.00023682585410548704,515.7120079277107,5.325700639605645e-05,1,1,0,1,1,,,,,,,,,,,,
instrument_background,0.002,38,1,ok,0.3099474928983772,-0.014026610906109524,6.279798168908808e-05,0.00025284589808103773,512.4302904082793,7.59187160555606e-05,1,1,0,1,1,,,,,,,,,,,,
instrument_background,0.002,39,1,ok,0.30998968844408314,-0.014024912086215516,2.7560790031607395e-05,0.00024643816999990665,511.60375160840755,8.80017568679997e-05,1,1,0,1,1,,,,,,,,,,,,
instrument_background,0.002,40,1,ok,0.30999730190369285,-0.014000238112544645,8.317999388900657e-06,0.0002656605673956728,513.8552653306799,8.194733159733677e-05,1,1,0,1,1,,,,,,,,,,,,
instrument_background,0.002,41,1,ok,0.310001279995621,-0.014008624474744437,7.575796464879707e-06,0.00023102105736835568,516.6061389572732,2.6581724824920646e-05,1,1,0,1,1,,,,,,,,,,,,
instrument_background,0.002,42,1,ok,0.3100043723746995,-0.013999514064811749,2.9127655366180785e-06,0.00025483189332912065,515.0435576309789,4.485408159561279e-05,1,1,0,1,1,,,,,,,,,,,,
instrument_background,0.002,43,1,ok,0.310001518000906,-0.01396627946256347,3.6176075321368446e-05,0.00025287945695857635,516.1931014282766,8.953003484122873e-05,1,1,0,1,1,,,,,,,,,,,,
instrument_background,0.002,44,1,ok,0.30998902167748493,-0.014029553608352867,3.1825755612369916e-05,0.00026254695075451754,515.4978559055131,6.083127750549518e-05,1,1,0,1,1,,,,,,,,,,,,
instrument_background,0.002,45,1,ok,0.3099637880423698,-0.01399807565774133,4.179393949123629e-05,0.00028673460165275043,513.938017339725,0.00010454764328874259,1,1,0,1,1,,,,,,,,,,,,
instrument_background,0.002,46,1,ok,0.3100066456915171,-0.013999676876136662,2.870241588869601e-06,0.00025227837365201014,517.2231583125391,6.627435722205483e-05,1,1,0,1,1,,,,,,,,,,,,
instrument_background,0.002,47,1,ok,0.30996131774159846,-0.01399440181235378,4.474881302374604e-05,0.000254102121523038,514.1253344529408,6.40437605744512e-05,1,1,0,1,1,,,,,,,,,,,,
instrument_background,0.002,48,1,ok,0.30999955340728447,-0.013996114320626888,8.456308113841568e-06,0.000258523299032309,516.6396497829257,4.4212712570188906e-05,1,1,0,1,1,,,,,,,,,,,,
instrument_background,0.002,49,1,ok,0.31001241387346473,-0.014007359888786472,8.699937574294836e-06,0.00027226988721653543,513.6847406782331,7.214426176060624e-05,1,1,0,1,1,,,,,,,,,,,,
instrument_background,0.002,50,1,ok,0.31001637692379946,-0.014000891406280786,1.1087380838871453e-05,0.00024916427832658266,517.460522677229,4.45704807972759e-05,1,1,0,1,1,,,,,,,,,,,,
instrument_background,0.002,51,1,ok,0.3100054044339487,-0.014028752338746701,2.650280858456451e-05,0.00023841222150205787,515.0524727884942,3.2360278257269584e-05,1,1,0,1,1,,,,,,,,,,,,
instrument_background,0.002,52,1,ok,0.3100310427858222,-0.01397029783585879,4.098594658515285e-05,0.0002484045514965971,516.080796166639,4.013508533147198e-05,1,1,1,0,1,,,,,,,,,,,,
instrument_background,0.002,53,1,ok,0.3100257087323586,-0.01402654008434799,3.167918103135289e-05,0.0002811153599472031,516.455063026477,6.583113570353183e-05,1,1,0,1,1,,,,,,,,,,,,
instrument_background,0.002,54,1,ok,0.31000147284194907,-0.014001182547461948,4.043517664881971e-06,0.0002498243437278331,517.1715786521789,5.462992634910823e-05,1,1,0,1,1,,,,,,,,,,,,
instrument_background,0.002,55,1,ok,0.3099776072874638,-0.013984589881848234,3.2905939259933906e-05,0.00024359788478355387,514.6076575299132,5.624229848813988e-05,1,1,0,1,1,,,,,,,,,,,,
instrument_background,0.002,56,1,ok,0.3100597526347527,-0.013988745581910563,5.603121868071694e-05,0.0002504811343526832,519.9265765022733,5.263721391124743e-05,1,1,1,0,1,,,,,,,,,,,,
instrument_background,0.002,57,1,ok,0.3099810526088614,-0.013962216858856328,4.684121712856751e-05,0.00026975253339890464,513.7938194771222,0.00011526039502147647,1,1,0,1,1,,,,,,,,,,,,
instrument_background,0.002,58,1,ok,0.3100167940618267,-0.013974464431857049,3.004084660987503e-05,0.00024892071227647426,511.2299543265562,1.5245423308225861e-05,1,1,1,0,1,,,,,,,,,,,,
instrument_background,0.002,59,1,ok,0.3100021404794846,-0.014028574490395598,2.652266952182587e-05,0.0002614355376904548,517.8488439244966,8.26960119438623e-05,1,1,0,1,1,,,,,,,,,,,,
instrument_background,0.01,0,1,ok,0.30998219875323846,-0.014042183133472896,4.617075639796944e-05,0.00025602511655957075,514.963713511736,4.387520551750364e-05,1,1,1,0,1,,,,,,,,,,,,
instrument_background,0.01,1,1,ok,0.30996503800697234,-0.013967854116684063,5.3009061690823125e-05,0.0002666004260693369,510.9750909399479,6.161410815356696e-05,1,1,0,1,1,,,,,,,,,,,,
instrument_background,0.01,2,1,ok,0.30999591490765294,-0.014086900933839505,8.517812665461382e-05,0.0002518472798214675,509.7436910822305,9.30655627359505e-05,1,1,0,1,1,,,,,,,,,,,,
instrument_background,0.01,3,1,ok,0.31004425571138905,-0.014027010887863385,4.609757112479033e-05,0.00023528044005928373,519.6981365221303,3.778353141530909e-05,1,1,1,0,1,,,,,,,,,,,,
instrument_background,0.01,4,1,ok,0.3100058776104056,-0.013939814158737586,6.243742882494287e-05,0.0002505578370845079,512.1669928530231,6.800070211949258e-05,1,1,0,1,1,,,,,,,,,,,,
instrument_background,0.01,5,1,ok,0.3099763681562104,-0.014003860008045243,2.904955854522955e-05,0.00026267089682146844,506.52846264061276,6.149373401638828e-05,1,1,0,1,1,,,,,,,,,,,,
instrument_background,0.01,6,1,ok,0.3099363867714916,-0.01397389313265944,7.458680546968087e-05,0.00025581579612173354,508.821096181777,6.561409703955434e-05,1,1,1,0,1,,,,,,,,,,,,
instrument_background,0.01,7,1,ok,0.31003902971275965,-0.014038654026623257,4.9578802354411256e-05,0.00027960434038056247,521.3464452630175,0.00011241283659722492,1,1,0,1,1,,,,,,,,,,,,
instrument_background,0.01,8,1,ok,0.30990553981500774,-0.013935436517862554,0.00012012765656316885,0.0002419748366345039,500.1962821976207,2.2536053449639814e-05,1,1,1,0,1,,,,,,,,,,,,
instrument_background,0.01,9,1,ok,0.3099864335471647,-0.013942883822049588,6.231367337126872e-05,0.00028089562897392804,508.70546568583006,8.129067461642154e-05,1,1,0,1,1,,,,,,,,,,,,
instrument_background,0.01,10,1,ok,0.3099445312755107,-0.014017234317626982,6.265990409346085e-05,0.0002545030912729829,512.4096969068684,5.546649316686981e-05,1,1,1,0,1,,,,,,,,,,,,
instrument_background,0.01,11,1,ok,0.30993988042229376,-0.013901212230812317,0.00012040690414697917,0.000255970433864583,505.1505253955723,6.990988979517981e-05,1,1,1,0,1,,,,,,,,,,,,
instrument_background,0.01,12,1,ok,0.3100202921072824,-0.014003008492789992,1.4938359024037135e-05,0.00026054421486059034,516.6695845316685,4.688108432274555e-05,1,1,0,1,1,,,,,,,,,,,,
instrument_background,0.01,13,1,ok,0.30999046842074446,-0.014014722699540889,1.9435204139552755e-05,0.0002499024338119759,515.8318025217368,8.06666367773893e-05,1,1,0,1,1,,,,,,,,,,,,
instrument_background,0.01,14,1,ok,0.3099719841523065,-0.013922789387465287,8.619010987938563e-05,0.00026007231926500975,510.1814810654266,0.00010368198172073652,1,1,0,1,1,,,,,,,,,,,,
instrument_background,0.01,15,1,ok,0.3099409940217093,-0.013918437930959506,0.00010568370380122349,0.00023911761783563927,502.5335346415381,3.806859103458574e-05,1,1,1,0,1,,,,,,,,,,,,
instrument_background,0.01,16,1,ok,0.31005849409849295,-0.013990723862568201,5.4357044785776346e-05,0.00027051447347774786,528.3697304245525,0.0001139136191474332,1,1,0,1,1,,,,,,,,,,,,
instrument_background,0.01,17,1,ok,0.3098635751626299,-0.014052305362483218,0.00015037360958717298,0.0002499872354503896,499.90524868923967,5.8052412960379074e-05,1,1,1,0,1,,,,,,,,,,,,
instrument_background,0.01,18,1,ok,0.3100080974175958,-0.013915705467497583,8.658695187632662e-05,0.0002463747665173354,513.402024190966,3.1687591173954655e-05,1,1,1,0,1,,,,,,,,,,,,
instrument_background,0.01,19,1,ok,0.30992706904046885,-0.01403364529456574,8.436355354978308e-05,0.00026079832570620514,503.60200327711374,7.150270669781989e-05,1,1,1,0,1,,,,,,,,,,,,
instrument_background,0.01,20,1,ok,0.3101563349921114,-0.01398680295095882,0.00015175015132305725,0.0002525942166351186,532.8245604909557,6.376164405906787e-05,1,1,1,0,1,,,,,,,,,,,,
instrument_background,0.01,21,1,ok,0.30995879837282736,-0.013945519060362099,7.339991769654814e-05,0.0002584652166750342,505.88926214856036,5.248307969833101e-05,1,1,1,0,1,,,,,,,,,,,,
instrument_background,0.01,22,1,ok,0.30997203928376266,-0.013948120484024646,6.356960705285236e-05,0.00024059575330149973,508.9623015968934,5.8902443881024384e-05,1,1,1,0,1,,,,,,,,,,,,
instrument_background,0.01,23,1,ok,0.30996044175486587,-0.013974863183993066,5.26197048790158e-05,0.000252470646429007,507.46443545963433,3.799528419280242e-05,1,1,1,0,1,,,,,,,,,,,,
instrument_background,0.01,24,1,ok,0.31005395850385054,-0.0139826209628596,5.240065553467838e-05,0.00023791177924408952,521.1961808141536,4.6613155567230914e-05,1,1,1,0,1,,,,,,,,,,,,
instrument_background,0.01,25,1,ok,0.31001276976544284,-0.013975224989327609,2.8018536050604958e-05,0.00024169834901645974,518.2503389643517,5.1174511314266834e-05,1,1,0,1,1,,,,,,,,,,,,
instrument_background,0.01,26,1,ok,0.3100427264953398,-0.014028068210122157,4.5407971930527896e-05,0.0002558180710785146,518.0241207986053,2.1022566932730094e-05,1,1,1,0,1,,,,,,,,,,,,
instrument_background,0.01,27,1,ok,0.30999766839323756,-0.014033530713925614,3.2216034410508986e-05,0.0002499069138739072,516.6394429587359,6.178456194517388e-05,1,1,0,1,1,,,,,,,,,,,,
instrument_background,0.01,28,1,ok,0.31001858731382215,-0.013999160970904912,1.3570421911150274e-05,0.00025231806844801366,517.7631197659922,6.425015230264478e-05,1,1,0,1,1,,,,,,,,,,,,
instrument_background,0.01,29,1,ok,0.31006017956210913,-0.014098544796890034,0.0001107995022543711,0.0002521107909685094,528.9790864276579,2.7218768414367874e-05,1,1,1,0,1,,,,,,,,,,,,
instrument_background,0.01,30,1,ok,0.30999393697733485,-0.01407512111681844,7.376346627394933e-05,0.0002481195794544901,520.6324091360186,7.10419645980377e-05,1,1,1,0,1,,,,,,,,,,,,
instrument_background,0.01,31,1,ok,0.31010860949023283,-0.014081760473230677,0.00013030637669337642,0.00026224953225137317,523.2224441319879,5.9430519598830174e-05,1,1,1,0,1,,,,,,,,,,,,
instrument_background,0.01,32,1,ok,0.3100498437438405,-0.01398780900565432,4.6756526840241935e-05,0.0002553867831484946,520.2282926190434,4.367672508304608e-05,1,1,1,0,1,,,,,,,,,,,,
instrument_background,0.01,33,1,ok,0.3100297098584648,-0.014055174722832547,5.8252508901389864e-05,0.00024241392084331097,521.692118228042,5.032730887411507e-05,1,1,1,0,1,,,,,,,,,,,,
instrument_background,0.01,34,1,ok,0.31005146494838115,-0.013950453540703431,6.933462689060912e-05,0.0002477202247531279,518.3136554122049,3.586766675064849e-05,1,1,1,0,1,,,,,,,,,,,,
instrument_background,0.01,35,1,ok,0.3098656179060316,-0.013942877510305167,0.00015184378935893873,0.00030097368400079937,496.69408301503046,0.00010587014608614,1,1,1,0,1,,,,,,,,,,,,
instrument_background,0.01,36,1,ok,0.30994629964454684,-0.014023862442888944,6.2902966707089e-05,0.00026709662304766276,509.5716819966908,6.828939770563299e-05,1,1,0,1,1,,,,,,,,,,,,
instrument_background,0.01,37,1,ok,0.3100206876910625,-0.013973850555335976,3.226517271471979e-05,0.0002993947365587736,513.3132349006104,5.940194056852638e-05,1,1,0,1,1,,,,,,,,,,,,
instrument_background,0.01,38,1,ok,0.309987574505905,-0.014087851923216906,8.743314201390813e-05,0.00024217141936787125,515.8648861906537,3.071288059961906e-05,1,1,1,0,1,,,,,,,,,,,,
instrument_background,0.01,39,1,ok,0.3099511067664791,-0.013976050826933002,6.0259451094873085e-05,0.00025149271221178545,508.149984162961,7.617713245782495e-05,1,1,0,1,1,,,,,,,,,,,,
instrument_background,0.01,40,1,ok,0.30996227733363346,-0.014173297959261451,0.00017639387355318628,0.00024279798637142773,524.0779426829479,5.748427714525024e-05,1,1,1,0,1,,,,,,,,,,,,
instrument_background,0.01,41,1,ok,0.30996433910019283,-0.013958477698339971,5.999799237693227e-05,0.00023330538147098572,514.1364373656515,6.038289979152216e-05,1,1,0,1,1,,,,,,,,,,,,
instrument_background,0.01,42,1,ok,0.3099948154823619,-0.01400633241074261,1.1319530963855524e-05,0.0002543779700848777,511.44877855993064,6.661879672619103e-05,1,1,0,1,1,,,,,,,,,,,,
instrument_background,0.01,43,1,ok,0.31008413704798765,-0.014037915573409037,8.646290706973496e-05,0.00023401041847286242,523.9931256244435,4.850827812622134e-05,1,1,1,0,1,,,,,,,,,,,,
instrument_background,0.01,44,1,ok,0.31005459719128997,-0.013944677514941741,7.574665779155799e-05,0.00024611485437730563,515.9367870177218,4.5269679335645046e-05,1,1,1,0,1,,,,,,,,,,,,
instrument_background,0.01,45,1,ok,0.3099773992743223,-0.013978323985461113,3.6809837468783435e-05,0.00023633302463090162,506.73745851186897,4.8621975233004765e-05,1,1,0,1,1,,,,,,,,,,,,
instrument_background,0.01,46,1,ok,0.31003076905127425,-0.014073838855779895,7.596042573922854e-05,0.00026125333529491485,526.3815629765393,6.58152168362347e-05,1,1,1,0,1,,,,,,,,,,,,
instrument_background,0.01,47,1,ok,0.310028885342077,-0.014117217601562563,0.0001173476950094576,0.0002538382617364076,519.520920115539,5.6518676821080785e-05,1,1,1,0,1,,,,,,,,,,,,
instrument_background,0.01,48,1,ok,0.3100233523614632,-0.013935429223996312,6.919690605930798e-05,0.0002480780956192842,514.1622773773404,7.382687660454096e-05,1,1,0,1,1,,,,,,,,,,,,
instrument_background,0.01,49,1,ok,0.30989932971076695,-0.014003949346648323,0.000106056951432371,0.0002238394047161515,500.5055786150911,2.237268884517255e-05,1,1,1,0,1,,,,,,,,,,,,
instrument_background,0.01,50,1,ok,0.31004045876704417,-0.013897015233015798,0.00011092911910316244,0.0002493697798871668,511.3522021768241,4.0708258483228396e-05,1,1,1,0,1,,,,,,,,,,,,
instrument_background,0.01,51,1,ok,0.31005205588648765,-0.014041954585033016,6.128440323435939e-05,0.0002326657878992436,523.3146923042551,3.696939953383257e-05,1,1,1,0,1,,,,,,,,,,,,
instrument_background,0.01,52,1,ok,0.310018974746461,-0.014114906324115925,0.00011347491114028895,0.0002433057182456315,523.7400127655208,3.088531536813016e-05,1,1,1,0,1,,,,,,,,,,,,
instrument_background,0.01,53,1,ok,0.31016681655841666,-0.014064279473960162,0.00017295005441261385,0.0002535579937793318,539.1854853730653,4.8356436272213155e-05,1,1,1,0,1,,,,,,,,,,,,
instrument_background,0.01,54,1,ok,0.3101167756734967,-0.01409027501061634,0.00014198249444319442,0.00029062780862702245,527.64165945619,0.00010560365913701613,1,1,1,0,1,,,,,,,,,,,,
instrument_background,0.01,55,1,ok,0.30994893884533004,-0.01405339855272075,7.616455155132581e-05,0.0002626922588745667,513.9578833007872,5.5604483460751296e-05,1,1,1,0,1,,,,,,,,,,,,
instrument_background,0.01,56,1,ok,0.3100264507938778,-0.013935220835433942,7.026464350042787e-05,0.0002550519203440303,510.9116057469595,7.205638833541518e-05,1,1,0,1,1,,,,,,,,,,,,
instrument_background,0.01,57,1,ok,0.30999358726427195,-0.0140477815097645,4.703258421838209e-05,0.0002701690240368049,511.41545319346335,8.594146750615608e-05,1,1,0,1,1,,,,,,,,,,,,
instrument_background,0.01,58,1,ok,0.3099326086889636,-0.013957332753176252,8.551122311767526e-05,0.0002489998571832488,503.74131905622363,4.994622541099147e-05,1,1,1,0,1,,,,,,,,,,,,
instrument_background,0.01,59,1,ok,0.31006262139005825,-0.013977379476544144,6.241709780285943e-05,0.00023362823354262295,518.9447394520158,3.482489849988487e-05,1,1,1,0,1,,,,,,,,,,,,
instrument_background,0.05,0,1,ok,0.3096742839995046,-0.014389962983393885,0.0005098447410810497,0.000246726657544043,493.93739907128816,7.482936402085885e-05,1,1,1,0,1,,,,,,,,,,,,
instrument_background,0.05,1,1,ok,0.31029123583105034,-0.013793505666163644,0.00035396545585170304,0.0002527693133321945,541.8631371782941,4.579750652545729e-05,1,1,1,0,1,,,,,,,,,,,,
instrument_background,0.05,2,1,ok,0.30981492479661565,-0.013690919601149864,0.000364961463187425,0.0002707413671625019,473.87936117248336,7.914688973397643e-05,1,1,1,0,1,,,,,,,,,,,,
instrument_background,0.05,3,1,ok,0.30990831071635927,-0.014080365330569349,0.00012459201419702138,0.00024733600874522483,507.59222629332606,3.682740091685448e-05,1,1,1,0,1,,,,,,,,,,,,
instrument_background,0.05,4,1,ok,0.3100719118727305,-0.013921287000282402,0.00010479671054939705,0.000256053482454721,519.3105194791001,4.43227225984205e-05,1,1,1,0,1,,,,,,,,,,,,
instrument_background,0.05,5,1,ok,0.3098329601483177,-0.01392803328383026,0.00018770790908177707,0.00024293415244649376,490.65062971055613,5.2206565257186816e-05,1,1,1,0,1,,,,,,,,,,,,
instrument_background,0.05,6,1,ok,0.31022508836244944,-0.01402514406666899,0.00022090491609194358,0.00023043944371919025,547.0210270596358,7.074340335065601e-05,1,1,1,0,1,,,,,,,,,,,,
instrument_background,0.05,7,1,ok,0.3100852246772602,-0.013674871541792713,0.00033697573124351614,0.00024171235322248928,506.9026565670692,4.220744434379077e-05,1,1,1,0,1,,,,,,,,,,,,
instrument_background,0.05,8,1,ok,0.30994245929146585,-0.014022819370594667,6.619106662540803e-05,0.00024192002912315526,508.9078796087481,4.361847352675996e-05,1,1,1,0,1,,,,,,,,,,,,
instrument_background,0.05,9,1,ok,0.31026768892306733,-0.01424830433909644,0.0003596562003624005,0.00023713482139893827,574.0104859586268,7.1141323355322e-05,1,1,1,0,1,,,,,,,,,,,,
instrument_background,0.05,10,1,ok,0.30989910274509813,-0.014176719274563751,0.00020428671215038188,0.00027153373560144485,505.9974873133468,5.887423406374974e-05,1,1,1,0,1,,,,,,,,,,,,
instrument_background,0.05,11,1,ok,0.3097975645959176,-0.013593906724511438,0.00045817923508672306,0.00026073042557828147,475.9723731715533,6.48735014491386e-05,1,1,1,0,1,,,,,,,,,,,,
instrument_background,0.05,12,1,ok,0.3094972035286914,-0.013934090475148283,0.0005127201101422232,0.00026974543835684453,456.8806131862895,3.107198873835261e-05,1,1,1,0,1,,,,,,,,,,,,
instrument_background,0.05,13,1,ok,0.3101545563438046,-0.013666107906601102,0.00036775924431875636,0.00029452378634161827,505.0879205553535,0.00010864974762698697,1,1,1,0,1,,,,,,,,,,,,
instrument_background,0.05,14,1,ok,0.30954034196847297,-0.013814200565374742,0.000501613713387568,0.0002583742372049301,456.85097082771773,4.588385850837629e-05,1,1,1,0,1,,,,,,,,,,,,
instrument_background,0.05,15,1,ok,0.31004932741392766,-0.014189226152305504,0.00019207352050453505,0.0002495182337569843,543.3093434839083,7.184562064411146e-05,1,1,1,0,1,,,,,,,,,,,,
instrument_background,0.05,16,1,ok,0.3098894294107877,-0.014110622903313481,0.00015870636121009476,0.00024805967052995124,513.1669218088414,2.9653884744123046e-05,1,1,1,0,1,,,,,,,,,,,,
instrument_background,0.05,17,1,ok,0.3097291629914873,-0.01383867269103148,0.0003210130514119636,0.000258850793294213,472.10545305161,6.687010719063652e-05,1,1,1,0,1,,,,,,,,,,,,
instrument_background,0.05,18,1,ok,0.31001657299485197,-0.014234729597868742,0.00023274967718198687,0.000245833875175523,531.0906755031525,1.3566670674122304e-05,1,1,1,0,1,,,,,,,,,,,,
instrument_background,0.05,19,1,ok,0.3095793211271124,-0.013955367850959164,0.00042862352466996545,0.000250973976311547,461.0974990600647,6.650721274698114e-05,1,1,1,0,1,,,,,,,,,,,,
instrument_background,0.05,20,1,ok,0.31042264247161216,-0.013777964609615683,0.00047372725554150464,0.00024307118274810853,576.9344012373996,3.460849198872489e-05,1,1,1,0,1,,,,,,,,,,,,
instrument_background,0.05,21,1,ok,0.30994173779211437,-0.01342669594032847,0.0005790607920791677,0.00024859682865898894,495.09231754984063,3.83126031802299e-05,1,1,1,0,1,,,,,,,,,,,,
instrument_background,0.05,22,1,ok,0.30954690761670317,-0.014423727749611084,0.0006227635329554447,0.0002407343729533615,483.7705445724687,6.251551332940023e-05,1,1,1,0,1,,,,,,,,,,,,
instrument_background,0.05,23,1,ok,0.30992323768014013,-0.01384053321835033,0.00018137913007796504,0.0002772002023995322,499.66671522855546,0.00010338049123064023,1,1,1,0,1,,,,,,,,,,,,
instrument_background,0.05,24,1,ok,0.3104866307553356,-0.013657822677943195,0.0005918098158127066,0.0002529669158034381,564.6381582371722,0.00010879140143221299,1,1,1,0,1,,,,,,,,,,,,
instrument_background,0.05,25,1,ok,0.3104109310772162,-0.014111181708772593,0.0004199327769913238,0.00024966887611197554,589.2233811097468,5.678306855176203e-05,1,1,1,0,1,,,,,,,,,,,,
instrument_background,0.05,26,1,ok,0.31001599428951643,-0.014216098130963476,0.00021411218334647767,0.00023327401066215232,532.2653230695855,2.764013492872676e-05,1,1,1,0,1,,,,,,,,,,,,
instrument_background,0.05,27,1,ok,0.3098412403860932,-0.013984557743319666,0.00016508339709159518,0.00024475288909639003,495.2057024769947,4.257516034632709e-05,1,1,1,0,1,,,,,,,,,,,,
instrument_background,0.05,28,1,ok,0.3104005924346968,-0.014369844107002188,0.0005397445037679983,0.00024552243347398313,603.2161934880833,3.411291676101985e-05,1,1,1,0,1,,,,,,,,,,,,
instrument_background,0.05,29,1,ok,0.30988421325067134,-0.014147857958486682,0.00018942413649805192,0.0002604881654926342,505.58050493446115,7.135771619304817e-05,1,1,1,0,1,,,,,,,,,,,,
instrument_background,0.05,30,1,ok,0.30995778345144115,-0.01431099792114997,0.00031239450439590543,0.0002618850717798104,520.9143823731152,3.0498159057190933e-05,1,1,1,0,1,,,,,,,,,,,,
instrument_background,0.05,31,1,ok,0.3100095900767959,-0.014203522239585875,0.0002013168633640761,0.0002392487527379438,530.4686849407179,4.980355685437723e-05,1,1,1,0,1,,,,,,,,,,,,
instrument_background,0.05,32,1,ok,0.30975358994482105,-0.013888312305932349,0.0002763628452304404,0.000240601527957905,489.4945458083499,2.690822542187986e-05,1,1,1,0,1,,,,,,,,,,,,
instrument_background,0.05,33,1,ok,0.30994042593410515,-0.014810019802767253,0.0008103770170755517,0.00023255338713003192,534.9295881372157,2.0040415910807667e-05,1,1,1,0,1,,,,,,,,,,,,
instrument_background,0.05,34,1,ok,0.30998333114520626,-0.013823397755077696,0.00018020490897780695,0.0002487966973647389,498.86539629358896,6.034587653643801e-05,1,1,1,0,1,,,,,,,,,,,,
instrument_background,0.05,35,1,ok,0.31016808076607,-0.013628418870302325,0.000407704771051857,0.00027367670959762614,521.1800800857033,9.566562662946938e-05,1,1,1,0,1,,,,,,,,,,,,
instrument_background,0.05,36,1,ok,0.3102065456705175,-0.014201654242128454,0.0002832537009204973,0.00024126718133092925,551.218228576094,3.8353427337747e-05,1,1,1,0,1,,,,,,,,,,,,
instrument_background,0.05,37,1,ok,0.31001327978070653,-0.013795623801948589,0.0002067769711439081,0.00025030824009399013,509.61746273990656,4.842889869907015e-05,1,1,1,0,1,,,,,,,,,,,,
instrument_background,0.05,38,1,ok,0.3104347857500076,-0.014356229272487525,0.0005565041962943773,0.00023356227931748332,599.2840049455223,5.085977295261618e-05,1,1,1,0,1,,,,,,,,,,,,
instrument_background,0.05,39,1,ok,0.3095746016133937,-0.0141013902351279,0.00044203268828206055,0.000240202475950522,469.34114517602194,7.67083611896599e-05,1,1,1,0,1,,,,,,,,,,,,
instrument_background,0.05,40,1,ok,0.310058604517814,-0.013932379573071271,8.783737104926864e-05,0.00025805940876728585,524.2010616190614,6.123946575885541e-05,1,1,1,0,1,,,,,,,,,,,,
instrument_background,0.05,41,1,ok,0.30981304265287957,-0.01389200290750481,0.0002216873917107776,0.00025552947110893555,485.3228829590282,9.59155821709332e-05,1,1,1,0,1,,,,,,,,,,,,
instrument_background,0.05,42,1,ok,0.30963682876213333,-0.013775173713219999,0.0004328837253717607,0.0002417222453204573,462.88171105781174,5.806552191607253e-05,1,1,1,0,1,,,,,,,,,,,,
instrument_background,0.05,43,1,ok,0.3101388414117308,-0.013650963986695084,0.0003757863121724531,0.00025567268431084944,509.8652017614906,6.170608808644765e-05,1,1,1,0,1,,,,,,,,,,,,
instrument_background,0.05,44,1,ok,0.3100213884608104,-0.014120886009074,0.00011971258675088201,0.00024601815252047035,520.922142980738,5.848527065726041e-05,1,1,1,0,1,,,,,,,,,,,,
instrument_background,0.05,45,1,ok,0.30981857736278084,-0.013644216122435961,0.000403832340605521,0.00023917451892251722,467.6361491702591,2.8621947081446527e-05,1,1,1,0,1,,,,,,,,,,,,
instrument_background,0.05,46,1,ok,0.30982045012025666,-0.013951654104404552,0.0001917195482072425,0.0002524384445658722,494.7030033036045,8.299852471855977e-05,1,1,1,0,1,,,,,,,,,,,,
instrument_background,0.05,47,1,ok,0.30971268182259454,-0.013782447502219443,0.0003660342720239009,0.0002450555793401316,469.6506661045032,3.255811004093332e-05,1,1,1,0,1,,,,,,,,,,,,
instrument_background,0.05,48,1,ok,0.3103074219249107,-0.014171363713587579,0.0003461692212458441,0.00023559451455889324,576.8916004796708,1.903475836567659e-05,1,1,1,0,1,,,,,,,,,,,,
instrument_background,0.05,49,1,ok,0.309454805273408,-0.013848322590521055,0.000571680307401749,0.00025801588042634316,456.65071908604654,6.218586751600151e-05,1,1,1,0,1,,,,,,,,,,,,
instrument_background,0.05,50,1,ok,0.310248006242842,-0.014259885509097833,0.00035390275398099327,0.0002440729715212172,551.888281157469,7.259290960568221e-05,1,1,1,0,1,,,,,,,,,,,,
instrument_background,0.05,51,1,ok,0.3103093751078754,-0.0142423530275445,0.00038738474145872656,0.00022728973072907833,581.5454416667418,3.994772017371301e-05,1,1,1,0,1,,,,,,,,,,,,
instrument_background,0.05,52,1,ok,0.3095325990102072,-0.014130723204401653,0.00048991913951236,0.0002492674348538484,468.52160070601667,3.793798425236314e-05,1,1,1,0,1,,,,,,,,,,,,
instrument_background,0.05,53,1,ok,0.30989759053722493,-0.014082234486398027,0.00013421869509414822,0.00024839215601333246,512.8966396636489,6.513829267406928e-05,1,1,1,0,1,,,,,,,,,,,,
instrument_background,0.05,54,1,ok,0.3096273772174883,-0.013814246782488876,0.0004221680729470886,0.00026569768728047815,465.25081629494855,7.552323779390185e-05,1,1,1,0,1,,,,,,,,,,,,
instrument_background,0.05,55,1,ok,0.31009829325411825,-0.014171327527194348,0.0001929288185317328,0.00023708997129689448,537.998266611512,3.12598098764987e-05,1,1,1,0,1,,,,,,,,,,,,
instrument_background,0.05,56,1,ok,0.3098044251867788,-0.014028319325488158,0.00020263186545103957,0.0002548231730296299,485.4690694445358,6.43643059184025e-05,1,1,1,0,1,,,,,,,,,,,,
instrument_background,0.05,57,1,ok,0.31009605741788987,-0.013767882236812336,0.0002513000066370603,0.00023170495574526063,523.1423241620605,5.350749099439027e-05,1,1,1,0,1,,,,,,,,,,,,
instrument_background,0.05,58,1,ok,0.3100898583500512,-0.014117550622196775,0.0001429409150079595,0.0002589196241745099,531.5726607576202,4.8818181249325396e-05,1,1,1,0,1,,,,,,,,,,,,
instrument_background,0.05,59,1,ok,0.3100153478722679,-0.013764040667625155,0.00023841763427296506,0.00025782959280067286,517.0766266756466,3.334221538670604e-05,1,1,1,0,1,,,,,,,,,,,,
phase_slope,0.0,0,1,ok,0.31000106877891775,-0.0140044130832655,4.817420823419875e-06,0.00026989697249582177,515.9006767380567,8.028665889514477e-05,1,1,0,1,1,-0.011223535624981698,0.0,,,,,,,,,,
phase_slope,0.0,1,1,ok,0.3100120417875272,-0.014003207443326407,6.737192155571032e-06,0.0002483548431418107,515.7197679866317,3.60316005795395e-05,1,1,0,1,1,-0.0017603554205165898,0.0,,,,,,,,,,
phase_slope,0.0,2,1,ok,0.3100067503951228,-0.014006774465243267,4.729902417161807e-06,0.00024461963399621394,515.8419114817219,4.5147438496441536e-05,1,1,0,1,1,-0.023223121579954046,0.0,,,,,,,,,,
phase_slope,0.0,3,1,ok,0.31000573463585734,-0.014004885742241065,2.6608772598144374e-06,0.00024851807585368665,515.9304141195454,5.5622239099555385e-05,1,1,0,1,1,0.04075311763488913,0.0,,,,,,,,,,
phase_slope,0.0,4,1,ok,0.3100056274158673,-0.01399719444237925,5.061502510318059e-06,0.00026125706149765276,515.6861018110391,5.158337307143997e-05,1,1,0,1,1,-0.03250000660543825,0.0,,,,,,,,,,
phase_slope,0.0,5,1,ok,0.3099891793486838,-0.014015256362413167,2.077047986334797e-05,0.00024673409091251637,515.8705821124843,6.7611913131413e-05,1,1,0,1,1,0.003988847439429608,0.0,,,,,,,,,,
phase_slope,0.0,6,1,ok,0.30999515665383703,-0.014041462364244547,4.0521839060451124e-05,0.0002507370255780606,516.1676142576569,7.237820513450686e-05,1,1,0,1,1,0.007960741302341931,0.0,,,,,,,,,,
phase_slope,0.0,7,1,ok,0.31001482557836435,-0.014035814444733887,3.4870513720564484e-05,0.0002456552184114476,515.9318990254369,3.759367321215954e-05,1,1,0,1,1,-0.004373192097220833,0.0,,,,,,,,,,
phase_slope,0.0,8,1,ok,0.3100002922448535,-0.014023646426601543,2.1991836187623826e-05,0.0002544387239055179,515.8245577231183,5.6992369665369474e-05,1,1,0,1,1,0.006629001782675421,0.0,,,,,,,,,,
phase_slope,0.0,9,1,ok,0.3100258067820952,-0.01398447863540662,2.708030991534197e-05,0.00024797697976766626,515.6316734312298,4.115409893111314e-05,1,1,0,1,1,0.024874680123920436,0.0,,,,,,,,,,
phase_slope,0.0,10,1,ok,0.3099825886429476,-0.01399889543039802,2.3029955498979837e-05,0.00022660900451043086,515.8923671242432,3.1042399991039624e-05,1,1,0,1,1,0.0261103774741959,0.0,,,,,,,,,,
phase_slope,0.0,11,1,ok,0.31000440960612213,-0.014022964291311084,2.0737134893265267e-05,0.0002663849619055938,516.0625059882638,8.324857645395438e-05,1,1,0,1,1,0.017497807560277325,0.0,,,,,,,,,,
phase_slope,0.0,12,1,ok,0.31002814808290674,-0.014004074615388615,2.2848051477770846e-05,0.0002493331376696756,515.9027490289965,3.506867572653392e-05,1,1,0,1,1,0.003134726213175886,0.0,,,,,,,,,,
phase_slope,0.0,13,1,ok,0.31003894037959734,-0.014016113381814915,3.6317656416204986e-05,0.00025135692231492457,515.4719854425163,6.917621750461611e-05,1,1,0,1,1,-0.006665410955828927,0.0,,,,,,,,,,
phase_slope,0.0,14,1,ok,0.3100192319630057,-0.014019344571289845,2.2007034048331467e-05,0.0002508485562090739,515.9586916718932,4.727693529975037e-05,1,1,0,1,1,0.014449267188858755,0.0,,,,,,,,,,
phase_slope,0.0,15,1,ok,0.3099945625013309,-0.014025534863397483,2.5672429182316846e-05,0.0002376275647027731,516.4208850137361,5.2331906325566684e-05,1,1,0,1,1,0.018913239586317694,0.0,,,,,,,,,,
phase_slope,0.0,16,1,ok,0.3099879093846839,-0.014057460266787836,5.790684446488861e-05,0.0002450886597175804,516.2835353322669,9.149822408827566e-05,1,1,0,1,1,0.02160886926679122,0.0,,,,,,,,,,
phase_slope,0.0,17,1,ok,0.30997584498855474,-0.01402913132041855,3.993163480950644e-05,0.00024001979995667136,516.3292958733823,6.767774318430237e-05,1,1,0,1,1,0.0013411713383975382,0.0,,,,,,,,,,
phase_slope,0.0,18,1,ok,0.3100450649986764,-0.014008852998445382,4.023750919917097e-05,0.0002422753281603432,515.6783040124792,6.437457095688322e-05,1,1,0,1,1,-0.012203352938519768,0.0,,,,,,,,,,
phase_slope,0.0,19,1,ok,0.3100233834910336,-0.013973126157863927,3.424249188349982e-05,0.0002476986377028257,515.6703972294366,5.449670042903232e-05,1,1,0,1,1,0.02382018925673254,0.0,,,,,,,,,,
phase_slope,0.0,20,1,ok,0.31000434247614445,-0.014014537164710126,1.2330756963627377e-05,0.00025420441306665245,515.894837750249,5.287524732926382e-05,1,1,0,1,1,0.026078142548590148,0.0,,,,,,,,,,
phase_slope,0.0,21,1,ok,0.3100043480565104,-0.014005889884294085,3.781882281326584e-06,0.00027537908718397886,515.7905088644675,8.291361121119445e-05,1,1,0,1,1,-0.03337596753711682,0.0,,,,,,,,,,
phase_slope,0.0,22,1,ok,0.3100173991094299,-0.01396869214775227,3.564723709736364e-05,0.00026586007104187505,515.3448967561486,5.954296671320995e-05,1,1,0,1,1,0.040772034499737944,0.0,,,,,,,,,,
phase_slope,0.0,23,1,ok,0.31003769468251197,-0.013982950338014992,3.764502785593346e-05,0.00027692575627026177,515.309976591581,9.958363227008237e-05,1,1,0,1,1,-0.002347350930345838,0.0,,,,,,,,,,
phase_slope,0.0,24,1,ok,0.3099724673081622,-0.014020417508020406,3.758805553650114e-05,0.00025652322429743234,516.3648026835414,5.218582667626319e-05,1,1,0,1,1,0.015579252626617319,0.0,,,,,,,,,,
phase_slope,0.0,25,1,ok,0.31001028613083015,-0.013976458570302547,2.6254771623163395e-05,0.00025251752838361606,515.7933727733754,8.738337125590286e-05,1,1,0,1,1,0.007546627329758381,0.0,,,,,,,,,,
phase_slope,0.0,26,1,ok,0.30996386472951926,-0.014001893215849952,4.1509839751841996e-05,0.0002489348375023023,516.2416689142631,8.847593541194373e-05,1,1,0,1,1,0.015985102468209146,0.0,,,,,,,,,,
phase_slope,0.0,27,1,ok,0.3100143100221942,-0.014015698510786835,1.6147576717862973e-05,0.00025600588374405836,515.834169841943,4.427501929388148e-05,1,1,0,1,1,-0.02069976945184991,0.0,,,,,,,,,,
phase_slope,0.0,28,1,ok,0.3100031202145843,-0.014011911333237228,9.920952617992437e-06,0.0002405119381326703,516.0360999866795,4.471062734381034e-05,1,1,0,1,1,0.0027299031963236094,0.0,,,,,,,,,,
phase_slope,0.0,29,1,ok,0.31003146091143774,-0.013999281126610578,2.6256210240035397e-05,0.00025077470187691807,515.7015663504022,5.788645647344122e-05,1,1,0,1,1,0.007807527564775031,0.0,,,,,,,,,,
phase_slope,0.0,30,1,ok,0.3100079198953342,-0.013977818295284961,2.456364425825749e-05,0.00024212644567510967,515.7432105821773,4.18450813855207e-05,1,1,0,1,1,-0.007063158152740119,0.0,,,,,,,,,,
phase_slope,0.0,31,1,ok,0.3100347665701688,-0.013954857973556804,5.57668452300888e-05,0.00023758570087172503,515.4546910040925,7.520261118402889e-05,1,1,0,1,1,-0.005968022268937705,0.0,,,,,,,,,,
phase_slope,0.0,32,1,ok,0.31004781847284524,-0.013960650152486563,5.943167973112337e-05,0.00025354134415366344,515.4121864696797,6.954076709935106e-05,1,1,0,1,1,0.021535574118787832,0.0,,,,,,,,,,
phase_slope,0.0,33,1,ok,0.30999959430956603,-0.01402417794709342,2.2677045152555712e-05,0.00025863492959798083,515.942457347144,5.890916520138114e-05,1,1,0,1,1,0.02392295073566753,0.0,,,,,,,,,,
phase_slope,0.0,34,1,ok,0.3099704889003058,-0.01402057184963419,3.940317117082428e-05,0.0002510251487147087,516.1184879961481,7.529056136293675e-05,1,1,0,1,1,0.004884261374292551,0.0,,,,,,,,,,
phase_slope,0.0,35,1,ok,0.3100310849429461,-0.013996876051366089,2.626740255813324e-05,0.0002423280078253014,515.5931846833407,2.371506862600269e-05,1,1,1,0,1,0.005441018037609131,0.0,,,,,,,,,,
phase_slope,0.0,36,1,ok,0.31002008472841924,-0.013984966507680564,2.2696636107534035e-05,0.00030488736848817335,515.5933203940323,8.942968458651476e-05,1,1,0,1,1,-0.006753368006426324,0.0,,,,,,,,,,
phase_slope,0.0,37,1,ok,0.309988193791547,-0.014030261645124333,3.286037300109133e-05,0.00023582341113536156,516.1377155425137,3.5302820066784535e-05,1,1,0,1,1,-0.0070546381469173995,0.0,,,,,,,,,,
phase_slope,0.0,38,1,ok,0.3100130717770937,-0.01400255649650584,7.704853840573568e-06,0.0002392940031879726,515.4875626100505,2.2362098027708042e-05,1,1,0,1,1,-0.018051265400678695,0.0,,,,,,,,,,
phase_slope,0.0,39,1,ok,0.3100261007380694,-0.013967678174463913,4.0309023749632425e-05,0.0002457047536918903,515.45415949271,4.055731326346533e-05,1,1,0,1,1,-0.009515291174126202,0.0,,,,,,,,,,
phase_slope,0.0,40,1,ok,0.3099575709318036,-0.013987233865876544,5.010501234481624e-05,0.0002462224696510688,515.9682734564501,5.403191571334968e-05,1,1,0,1,1,-0.013835628986877367,0.0,,,,,,,,,,
phase_slope,0.0,41,1,ok,0.3100102010577641,-0.014006346362020175,6.331953592487519e-06,0.00024787246524619877,515.6776412370089,5.6937886295474214e-05,1,1,0,1,1,-0.022078751555227184,0.0,,,,,,,,,,
phase_slope,0.0,42,1,ok,0.31001888465996075,-0.014006538558181455,1.4176017811188349e-05,0.0002318416251795459,515.938995515023,2.095827081229573e-05,1,1,0,1,1,-0.010885867353117102,0.0,,,,,,,,,,
phase_slope,0.0,43,1,ok,0.3099846434467379,-0.0140083138840393,2.1598430297285734e-05,0.0002436227032685636,516.1840783849169,6.091266038347423e-05,1,1,0,1,1,-0.0024595032880163166,0.0,,,,,,,,,,
phase_slope,0.0,44,1,ok,0.31003624375722255,-0.013982360402932392,3.672300798204655e-05,0.00023746451680069995,515.2087943688548,6.512497019894991e-05,1,1,0,1,1,0.012959041027596166,0.0,,,,,,,,,,
phase_slope,0.0,45,1,ok,0.31000520749380095,-0.014031405055741774,2.9155976969803784e-05,0.00025314831000651083,516.2763702035687,3.680181081103085e-05,1,1,0,1,1,0.01351679653855603,0.0,,,,,,,,,,
phase_slope,0.0,46,1,ok,0.3100354313190723,-0.014008552479157672,3.071200227817237e-05,0.0002725965750555793,515.6638573874851,5.8218997804487165e-05,1,1,0,1,1,-0.006883298690494104,0.0,,,,,,,,,,
phase_slope,0.0,47,1,ok,0.30997778304238477,-0.01398780782847296,3.114115030939641e-05,0.00026394431605012564,515.9957008522699,9.470246618720749e-05,1,1,0,1,1,0.013733300222014641,0.0,,,,,,,,,,
phase_slope,0.0,48,1,ok,0.31002463491704274,-0.014010963816781326,2.1141390252126997e-05,0.00022832332450203885,515.6453743075815,4.895888823775334e-05,1,1,0,1,1,0.005860047759908089,0.0,,,,,,,,,,
phase_slope,0.0,49,1,ok,0.3100137375567564,-0.014016369259165232,1.6411318222548172e-05,0.0002545264525624016,515.8207046464514,3.126467508418583e-05,1,1,0,1,1,0.01774930973780413,0.0,,,,,,,,,,
phase_slope,0.0,50,1,ok,0.3100326698128418,-0.013995298857059352,2.8167817329098116e-05,0.0002516152783799579,515.7173756398503,4.897573958043701e-05,1,1,0,1,1,-0.027186905357231627,0.0,,,,,,,,,,
phase_slope,0.0,51,1,ok,0.3100134520298403,-0.014028355230181163,2.7327215053686025e-05,0.0002394515956431776,515.8662470194224,4.016656675371871e-05,1,1,0,1,1,0.04916745929093045,0.0,,,,,,,,,,
phase_slope,0.0,52,1,ok,0.31003844043769635,-0.014009510662862856,3.3855229745643835e-05,0.0002484966354666284,515.8675922763114,6.417580623383123e-05,1,1,0,1,1,-0.022705501322191367,0.0,,,,,,,,,,
phase_slope,0.0,53,1,ok,0.31003379172685785,-0.013980621766111482,3.571250139276041e-05,0.0002513934601477938,515.8048013022428,8.057967034010499e-05,1,1,0,1,1,-0.011889816500770308,0.0,,,,,,,,,,
phase_slope,0.0,54,1,ok,0.31001657543309585,-0.014002187543924969,1.1202564883074807e-05,0.00024551069100713676,515.8901261336841,3.949804881315505e-05,1,1,0,1,1,0.010685092484496606,0.0,,,,,,,,,,
phase_slope,0.0,55,1,ok,0.30998682163829105,-0.01399829493978362,1.8968221592830557e-05,0.00026341901295606757,515.7130583148784,4.689724261765217e-05,1,1,0,1,1,-0.0038294148648291898,0.0,,,,,,,,,,
phase_slope,0.0,56,1,ok,0.31001250208603537,-0.014015904013141381,1.540349628321622e-05,0.00022944905925602734,515.8074878023482,3.0089251514803775e-05,1,1,0,1,1,0.016431737022567366,0.0,,,,,,,,,,
phase_slope,0.0,57,1,ok,0.31001065897742985,-0.013992080845363826,1.1460526393580048e-05,0.00024211830091278456,515.6314301098199,5.083073394737071e-05,1,1,0,1,1,0.04988914837392052,0.0,,,,,,,,,,
phase_slope,0.0,58,1,ok,0.3100248267372898,-0.013989782445357287,2.310573549679309e-05,0.00024637507858030845,515.6458029227712,2.5470825062022634e-05,1,1,0,1,1,0.019560750024277124,0.0,,,,,,,,,,
phase_slope,0.0,59,1,ok,0.31002487536879764,-0.0140018178664816,1.9507106027792904e-05,0.00024716909873130177,515.6144509680743,6.297031061008481e-05,1,1,0,1,1,-0.027477110185799267,0.0,,,,,,,,,,
phase_slope,0.004,0,1,ok,0.30996882026369627,-0.013983822853071638,4.0934686457549994e-05,0.00023819787654140144,516.2149795550341,4.0959870987378445e-05,1,1,0,1,1,-0.012592205608737342,-0.010832700278518978,,,,,,,,,,
phase_slope,0.004,1,1,ok,0.3099947292707841,-0.013986492038130318,1.901549263561986e-05,0.00026175642781338593,515.6173151341484,2.126661393157766e-05,1,1,0,1,1,-0.00793498171483381,0.045749697778935165,,,,,,,,,,
phase_slope,0.004,2,1,ok,0.3099839325023796,-0.013999803186896727,2.1579650868253436e-05,0.00024691773103406004,516.1728583023156,2.7925588624931933e-05,1,1,0,1,1,0.028480272723373994,-0.006539517294841162,,,,,,,,,,
phase_slope,0.004,3,1,ok,0.3099858765789685,-0.014003403492552087,1.9530580420911255e-05,0.00023405487558781878,515.9997833144294,4.514677094613146e-05,1,1,0,1,1,0.03611575130865841,-0.025093986094300722,,,,,,,,,,
phase_slope,0.004,4,1,ok,0.31003787183797316,-0.01401342364657775,3.436615114119572e-05,0.00025948648772450365,515.7977094189539,7.274782089466542e-05,1,1,0,1,1,-0.02058106912923271,-0.0040858672775561135,,,,,,,,,,
phase_slope,0.004,5,1,ok,0.3100059566561679,-0.01399115592147384,1.110896819402104e-05,0.0002513647012646285,516.0308652470713,3.751833254796293e-05,1,1,0,1,1,-0.009916542221262106,0.0016202786943110004,,,,,,,,,,
phase_slope,0.004,6,1,ok,0.3100053833796663,-0.014003050214997427,8.007330032037242e-07,0.0002578749224392429,516.0113701435598,5.6074613621899426e-05,1,1,0,1,1,-0.019606586451300125,-0.017877688350175332,,,,,,,,,,
phase_slope,0.004,7,1,ok,0.3099966145455978,-0.013996101253703683,1.0701063166602826e-05,0.0002467925557279531,515.6568801000002,5.167275541769356e-05,1,1,0,1,1,0.05059354721620971,0.040550214660687305,,,,,,,,,,
phase_slope,0.004,8,1,ok,0.3100165623622498,-0.013993394734237791,1.4269151230788048e-05,0.00023382232758910668,515.952289004933,3.933247253430102e-05,1,1,0,1,1,0.005765033042140971,-0.01715907728786893,,,,,,,,,,
phase_slope,0.004,9,1,ok,0.3100479332757142,-0.01399367218575499,4.3415951404878325e-05,0.00024614062128711946,515.7941684204437,3.829107954501402e-05,1,1,1,0,1,-0.007629955293945221,-0.030620758505569758,,,,,,,,,,
phase_slope,0.004,10,1,ok,0.31000308354210576,-0.013989683318904603,1.2773094081547484e-05,0.00026036155586111064,515.8897035354702,7.12546344943884e-05,1,1,0,1,1,-0.011331417238499604,-0.004820621419336735,,,,,,,,,,
phase_slope,0.004,11,1,ok,0.310016259676891,-0.013991003411818413,1.565229896809647e-05,0.0002441105660173118,515.5132849311258,2.410835429347882e-05,1,1,0,1,1,0.015109180752567461,0.016680637353001446,,,,,,,,,,
phase_slope,0.004,12,1,ok,0.30995667658265375,-0.01399013366321904,5.0181068360424586e-05,0.00025628036652857415,516.0355801480362,0.00011504709313260492,1,1,0,1,1,0.01764123937376385,-0.0020671958669728,,,,,,,,,,
phase_slope,0.004,13,1,ok,0.3099879672968461,-0.014010845534824748,1.9412647026362846e-05,0.00025762398347339117,515.9132855418806,8.82722038251666e-05,1,1,0,1,1,0.010811900696279964,0.008146574674661872,,,,,,,,,,
phase_slope,0.004,14,1,ok,0.3099874061833267,-0.013994088906122842,1.9733322579690606e-05,0.0002669553664782765,516.1175025999765,9.756261759091034e-05,1,1,0,1,1,0.01892260464530485,-0.006960197062184726,,,,,,,,,,
phase_slope,0.004,15,1,ok,0.3100048196685637,-0.013970774046219225,3.1480366574945905e-05,0.000260570882738126,516.0136450224365,8.511403291109397e-05,1,1,0,1,1,-0.002428317500687073,-0.03588294934465805,,,,,,,,,,
phase_slope,0.004,16,1,ok,0.3099627660671254,-0.013995493920669918,4.313922382326257e-05,0.00026859474606319596,515.9940353225658,0.0001003622929753256,1,1,0,1,1,0.013456634497101142,0.012043352044438682,,,,,,,,,,
phase_slope,0.004,17,1,ok,0.30998943516022215,-0.014005309870565955,1.622903494647451e-05,0.00024703091341634936,515.6872814132789,5.0978140786773426e-05,1,1,0,1,1,-0.00426248469046291,0.010174928215131768,,,,,,,,,,
phase_slope,0.004,18,1,ok,0.3099857918766535,-0.014000234426307868,1.9684579472079658e-05,0.00024331361469547317,515.5320386583317,5.399569172133525e-05,1,1,0,1,1,-0.0015971180317070881,0.021825314471855636,,,,,,,,,,
phase_slope,0.004,19,1,ok,0.3100089633449165,-0.014010210166445361,8.732795930256083e-06,0.0002482740556443101,515.8737112852948,6.544965070514086e-05,1,1,0,1,1,0.024955794280769696,0.013634590610999305,,,,,,,,,,
phase_slope,0.004,20,1,ok,0.30999929051660713,-0.013997766819624861,7.555921450283577e-06,0.00024350376923770452,515.761593483316,3.2646537833782765e-05,1,1,0,1,1,-0.025662828749783956,0.013974363136706603,,,,,,,,,,
phase_slope,0.004,21,1,ok,0.3099953491430514,-0.013989742499653146,1.6028249544741824e-05,0.00023534825832577892,516.1460504992757,3.408997537186859e-05,1,1,0,1,1,-0.014363227928369266,-0.018971049822397338,,,,,,,,,,
phase_slope,0.004,22,1,ok,0.30999592598407316,-0.014023093828474581,2.2885166790875065e-05,0.00024729560112173726,515.9757894323458,6.0905446962215497e-05,1,1,0,1,1,0.006613124964209503,0.002558665050593853,,,,,,,,,,
phase_slope,0.004,23,1,ok,0.3100089757010428,-0.014023459856047799,2.151409545785721e-05,0.00028839975557558734,515.7960660510536,8.593007206303907e-05,1,1,0,1,1,-0.018491694352327975,0.00677005624661909,,,,,,,,,,
phase_slope,0.004,24,1,ok,0.3099954828064605,-0.014007227718532935,1.1072438304506271e-05,0.0002520448422676363,516.0309148310363,4.0620961493035676e-05,1,1,0,1,1,0.013697768355567597,-0.013426477022975444,,,,,,,,,,
phase_slope,0.004,25,1,ok,0.3099880285885814,-0.01400386588190465,1.7419601637898898e-05,0.00025110577750336497,515.9610532340262,5.047732896704534e-05,1,1,0,1,1,0.00024583432409346117,-0.013181223359450727,,,,,,,,,,
phase_slope,0.004,26,1,ok,0.3100233390593122,-0.01399849179754554,1.835479640206814e-05,0.00024174928659874645,515.9368335322762,9.155011004077699e-05,1,1,0,1,1,0.0001718426737412994,-0.012044299445758876,,,,,,,,,,
phase_slope,0.004,27,1,ok,0.3099876551337096,-0.013980514453901848,2.8041728635460427e-05,0.00024019149361333066,515.8712084495044,5.823802803670975e-05,1,1,0,1,1,0.016907682272232282,-0.01063550232474588,,,,,,,,,,
phase_slope,0.004,28,1,ok,0.31002947773092027,-0.014023398298328419,3.2067206645592575e-05,0.00025537042803111255,515.9313887491821,7.390146196009703e-05,1,1,0,1,1,0.01457102463897721,-0.002314367062536176,,,,,,,,,,
phase_slope,0.004,29,1,ok,0.3100192399960122,-0.014036617896836192,3.706043475318222e-05,0.0002666597619553648,515.5574134274605,5.562822808189061e-05,1,1,0,1,1,-0.02977166329083361,0.0007024360392510891,,,,,,,,,,
phase_slope,0.004,30,1,ok,0.3100423455449611,-0.014000099457872882,3.70349703395334e-05,0.00024970043932481784,515.5836204350773,3.651762817875211e-05,1,1,1,0,1,0.01206211149563508,0.010624407332094092,,,,,,,,,,
phase_slope,0.004,31,1,ok,0.31001119428082285,-0.013997892215933661,7.271395758164371e-06,0.0002801632900198847,515.8479870414367,7.05868134750644e-05,1,1,0,1,1,0.00879680618535412,0.007131073985053285,,,,,,,,,,
phase_slope,0.004,32,1,ok,0.3100573961493968,-0.013981782676754808,5.59043538621256e-05,0.0003081847904029721,515.1028198232054,0.00011342121200070258,1,1,0,1,1,-0.027703626457076087,0.02451769551557356,,,,,,,,,,
phase_slope,0.004,33,1,ok,0.31001922144308336,-0.014024230460757804,2.5979583631731607e-05,0.00024382727283993346,515.7131964091593,6.201590094407646e-05,1,1,0,1,1,0.006333459898017496,0.014409197509108148,,,,,,,,,,
phase_slope,0.004,34,1,ok,0.31001054237561765,-0.014002677186279655,5.186993980838535e-06,0.00025686915234394476,516.0610655774582,3.791094223512525e-05,1,1,0,1,1,0.01431329595257097,-0.01801546104417814,,,,,,,,,,
phase_slope,0.004,35,1,ok,0.31004565626813907,-0.014012100357851076,4.147019320597187e-05,0.00025881125120737333,515.2758389078142,0.0001062513604960172,1,1,0,1,1,0.002651587356942019,0.007564253536921734,,,,,,,,,,
phase_slope,0.004,36,1,ok,0.31002237419561984,-0.013961706576534559,4.396330168997747e-05,0.00025208752777084196,515.8974872504657,5.70263123349171e-05,1,1,0,1,1,0.03049932334818793,0.014249986536837752,,,,,,,,,,
phase_slope,0.004,37,1,ok,0.3100102209543756,-0.0139749894728942,2.7687795355581862e-05,0.00025844429601575383,515.9917976994474,5.5289318892894674e-05,1,1,0,1,1,0.007053600812553744,-0.021071003873183707,,,,,,,,,,
phase_slope,0.004,38,1,ok,0.31000591639618613,-0.013989466537504486,1.2794554029570275e-05,0.00024218655132403005,515.822686446222,3.239072624017301e-05,1,1,0,1,1,-0.023234580777613062,-0.012733132934046779,,,,,,,,,,
phase_slope,0.004,39,1,ok,0.3099967643460596,-0.014020634316425872,2.0300475125757055e-05,0.0002452948401125749,515.8176801736621,6.248016992912123e-05,1,1,0,1,1,-0.007197433391650582,0.0004214195610975572,,,,,,,,,,
phase_slope,0.004,40,1,ok,0.30999746210842877,-0.013956540351801461,4.638872192192078e-05,0.0002477071698872662,515.787167468866,7.312098506465073e-05,1,1,0,1,1,-0.02570820027012565,0.01402075320470924,,,,,,,,,,
phase_slope,0.004,41,1,ok,0.31004662650787596,-0.0140185578635004,4.436000177380111e-05,0.0002510802862878502,515.5963352583702,6.587293785854023e-05,1,1,0,1,1,-0.016898023435332275,0.018493750950322987,,,,,,,,,,
phase_slope,0.004,42,1,ok,0.31004194756385706,-0.01401789472507126,3.9780238200552594e-05,0.00026425192033852594,515.62457970617,6.304066148176978e-05,1,1,0,1,1,0.017508737430410325,0.006572565417029508,,,,,,,,,,
phase_slope,0.004,43,1,ok,0.30999216931946844,-0.013971969282709287,3.3033812112716444e-05,0.00025225058450833055,515.4118475920178,7.590766862868178e-05,1,1,0,1,1,0.007582035652967198,0.003439517965241582,,,,,,,,,,
phase_slope,0.004,44,1,ok,0.3100607892821692,-0.013982358325973674,5.8878015091740135e-05,0.0002442134664591793,515.5303120946326,9.297092324075496e-06,1,1,1,0,1,0.012526548671523419,-0.015189831178698689,,,,,,,,,,
phase_slope,0.004,45,1,ok,0.30997873685277655,-0.013978507979914411,3.568120724811092e-05,0.00023597570554074297,515.8651416613536,4.1603890003081834e-05,1,1,0,1,1,-0.005552664755456302,0.004971319590113395,,,,,,,,,,
phase_slope,0.004,46,1,ok,0.31003466880990943,-0.01400099565188947,2.9322592026426687e-05,0.00022923934512114047,515.6687742393494,1.9276651917091907e-05,1,1,1,0,1,0.008807037156851511,-0.010334095364739114,,,,,,,,,,
phase_slope,0.004,47,1,ok,0.3100055278673745,-0.013987892586276637,1.4357797296804192e-05,0.00024427911505368367,515.4831428584553,1.9757867815461504e-05,1,1,0,1,1,0.01591470452613378,-0.0077524144158426685,,,,,,,,,,
phase_slope,0.004,48,1,ok,0.3100404004878979,-0.0139860678347869,3.858458223989499e-05,0.00022773813013564955,515.5453963028573,3.4968824086655396e-05,1,1,1,0,1,-0.009222252712238884,-0.004864261631161787,,,,,,,,,,
phase_slope,0.004,49,1,ok,0.3100046203207994,-0.013996779724799414,5.521373019974662e-06,0.000256740509358675,515.4510055691399,3.608256347541107e-05,1,1,0,1,1,-0.0099962405945335,0.01843775919889364,,,,,,,,,,
phase_slope,0.004,50,1,ok,0.31002823700250026,-0.014005144131851915,2.3046461794808233e-05,0.00024949274817720116,515.5614816852469,4.656560201060652e-05,1,1,0,1,1,-0.013528052427150843,-0.0038760142696627545,,,,,,,,,,
phase_slope,0.004,51,1,ok,0.3100129794075281,-0.014000363833129071,7.836628950599195e-06,0.0002416598805803798,515.8234647258955,3.522932972893203e-05,1,1,0,1,1,-0.02072834430269778,0.009898395162012645,,,,,,,,,,
phase_slope,0.004,52,1,ok,0.31001779417882314,-0.013995028826803736,1.4367446534851455e-05,0.00023743520311984097,515.7338088035095,4.018890922965926e-05,1,1,0,1,1,0.03462393263371926,0.013625224360371413,,,,,,,,,,
phase_slope,0.004,53,1,ok,0.3100038800646363,-0.014001659780369826,1.6052419178940232e-06,0.0002479114230664601,516.0248638173672,5.542693148645479e-05,1,1,0,1,1,0.009136245952124129,0.004429774153350859,,,,,,,,,,
phase_slope,0.004,54,1,ok,0.3099968138039595,-0.014035700807336527,3.4528933069627204e-05,0.00028950051661574247,515.9129760196047,0.00010908021084689073,1,1,0,1,1,0.02125277978200513,-0.011206985671475354,,,,,,,,,,
phase_slope,0.004,55,1,ok,0.3099928323978179,-0.01397678882813535,2.8381613697547277e-05,0.00026282874553239813,515.9055434727264,7.14393448770392e-05,1,1,0,1,1,0.0005690551372405421,-0.02909016893826198,,,,,,,,,,
phase_slope,0.004,56,1,ok,0.3099905990102901,-0.013999878132634192,1.4963140133025517e-05,0.00023755188128809013,516.0671145152227,4.5098571534283436e-05,1,1,0,1,1,0.0011693256298491638,0.009905288874681032,,,,,,,,,,
phase_slope,0.004,57,1,ok,0.31003195903060404,-0.01402299439863616,3.372185794274837e-05,0.00024894176608103463,515.8257151061405,7.64380909751148e-05,1,1,0,1,1,-0.016137484292590005,-0.01929965322515791,,,,,,,,,,
phase_slope,0.004,58,1,ok,0.3100052117258756,-0.014019608956924688,1.7360157664707617e-05,0.00024658485209781776,515.9646317915522,4.671586553456922e-05,1,1,0,1,1,0.010846803035998687,0.0056720183788021095,,,,,,,,,,
phase_slope,0.004,59,1,ok,0.31000218076344205,-0.014025600453546543,2.3568100961392823e-05,0.00024851459450433614,516.0912911054944,4.6725775325298664e-05,1,1,0,1,1,-0.006457980901967626,-0.0009937250050808249,,,,,,,,,,
phase_slope,0.012,0,1,ok,0.3100220274772718,-0.014003890082567551,1.6735042228784707e-05,0.0002428509704221472,515.6646404235181,4.077658575509585e-05,1,1,0,1,1,0.03629954615452612,0.02452726968388105,,,,,,,,,,
phase_slope,0.012,1,1,ok,0.30998864764913137,-0.01397118459160162,3.5281301794688364e-05,0.00026262034415524887,516.1708379610382,6.668805636903143e-05,1,1,0,1,1,0.01819040047867601,-0.035451570169148926,,,,,,,,,,
phase_slope,0.012,2,1,ok,0.3099881548941755,-0.013983697370947195,2.531102211494775e-05,0.00025652145499532994,515.7220361976509,8.613515931872923e-05,1,1,0,1,1,-0.0161123810434767,0.0324849102263251,,,,,,,,,,
phase_slope,0.012,3,1,ok,0.3100025784957912,-0.014033512705514312,3.1387807294311196e-05,0.0002755534993352814,516.35442061278,9.431991330113032e-05,1,1,0,1,1,0.016575971033148503,-0.033178441296638966,,,,,,,,,,
phase_slope,0.012,4,1,ok,0.31000633324546395,-0.01399492578270855,7.386443259229036e-06,0.00025417456166309805,515.6955995797017,4.3990030936308315e-05,1,1,0,1,1,0.007830980478537567,0.018226652274405543,,,,,,,,,,
phase_slope,0.012,5,1,ok,0.3100127584512463,-0.014018622515767687,1.796157985425473e-05,0.0002815876954024702,516.0176394078482,7.543338897523128e-05,1,1,0,1,1,-0.010109540228691824,-0.027448689476563166,,,,,,,,,,
phase_slope,0.012,6,1,ok,0.3100049372282079,-0.01400517720481871,2.959915838577764e-06,0.00024044658605815313,515.5059525848916,5.067171361961581e-05,1,1,0,1,1,0.007856779599511022,0.03393769297854729,,,,,,,,,,
phase_slope,0.012,7,1,ok,0.310019779235146,-0.013989035246617963,1.954881697441174e-05,0.00024790371880003095,515.5528581214052,4.267964244923823e-05,1,1,0,1,1,-0.005882720392136794,0.002042939719612725,,,,,,,,,,
phase_slope,0.012,8,1,ok,0.31003010062382985,-0.013978933347301156,3.398674244199264e-05,0.00025114355296931373,515.3692137441795,3.1088378481439126e-05,1,1,1,0,1,0.0011811097931162555,0.024153003977980175,,,,,,,,,,
phase_slope,0.012,9,1,ok,0.3100003583411513,-0.013988887526815996,1.427202974198564e-05,0.00026112183451140736,515.6000744626755,6.716808011825892e-05,1,1,0,1,1,-0.01941581012703712,0.04891894045214255,,,,,,,,,,
phase_slope,0.012,10,1,ok,0.3100260292371507,-0.013990032431857105,2.399867567097416e-05,0.00024656352060438555,515.8534701658455,6.251364095530775e-05,1,1,0,1,1,0.018909863248827465,-0.013391685317586714,,,,,,,,,,
phase_slope,0.012,11,1,ok,0.31003063561951283,-0.013995129255081003,2.6246838196818244e-05,0.00024845328641440563,516.4775977461551,1.837991830293288e-05,1,1,1,0,1,0.008356378501775171,-0.11118987752675856,,,,,,,,,,
phase_slope,0.012,12,1,ok,0.30998905577752,-0.014028152230483966,3.061375457674133e-05,0.00023846519783752513,516.1547346865627,4.793723358715629e-05,1,1,0,1,1,0.017802989525242438,0.011289692326933264,,,,,,,,,,
phase_slope,0.012,13,1,ok,0.3099973404997495,-0.014024469705704245,2.3627464413186753e-05,0.0002552737152230334,515.6556703188826,7.156728347226458e-05,1,1,0,1,1,-0.02324662218131637,0.03421320612516507,,,,,,,,,,
phase_slope,0.012,14,1,ok,0.30999955052202727,-0.013999138345147521,6.601613530787772e-06,0.0002605342845981556,516.1884906852899,5.86184950644655e-05,1,1,0,1,1,-0.026582237786346143,-0.03288657041506995,,,,,,,,,,
phase_slope,0.012,15,1,ok,0.30997116533749836,-0.013990336037849958,3.6222902140308996e-05,0.00026674399114869963,515.8579744384384,7.948292897059515e-05,1,1,0,1,1,-0.031977206130025006,0.020348138656625856,,,,,,,,,,
phase_slope,0.012,16,1,ok,0.309998121337875,-0.01400342724646816,7.3467103410537566e-06,0.00026910826157856274,515.8256337975546,9.737044236509255e-05,1,1,0,1,1,-0.015528214761638641,0.025745273147025117,,,,,,,,,,
phase_slope,0.012,17,1,ok,0.30999551038699646,-0.013988997126476785,1.6519643360787475e-05,0.0002722940832175114,516.1993624298524,6.109936877513363e-05,1,1,0,1,1,0.00028257507886057115,-0.05876498917564166,,,,,,,,,,
phase_slope,0.012,18,1,ok,0.31003716403817044,-0.013989777337326018,3.41500166148961e-05,0.00023070990441615525,515.2670929636696,3.644059322747497e-05,1,1,0,1,1,0.024145885002334812,-0.002204473494049002,,,,,,,,,,
phase_slope,0.012,19,1,ok,0.31001151658119486,-0.01400396025640124,6.37727382274291e-06,0.00027936456451423483,516.015704934182,7.838884294745782e-05,1,1,0,1,1,0.02256739081939756,0.0026748613598749083,,,,,,,,,,
phase_slope,0.012,20,1,ok,0.3100202637386527,-0.01399092013763927,1.8710651199812368e-05,0.0002438769621560085,515.3188813482318,3.3499489180967745e-05,1,1,0,1,1,0.018393484832216974,0.03462835640858268,,,,,,,,,,
phase_slope,0.012,21,1,ok,0.3099605376284806,-0.014015103656162481,4.664163575788488e-05,0.0002494036012960294,516.2040592005244,5.6154530075614876e-05,1,1,0,1,1,-0.04514578795074447,-0.005218344978277776,,,,,,,,,,
phase_slope,0.012,22,1,ok,0.3100028232896901,-0.014012201736744058,1.0273620170708666e-05,0.00023807005602539274,515.3697010931924,4.809091918859987e-05,1,1,0,1,1,-0.014926651787553287,0.08291375344800919,,,,,,,,,,
phase_slope,0.012,23,1,ok,0.309989316217983,-0.014016887595357333,2.1727722739347876e-05,0.00025386355684967933,516.4732869634188,5.9719443186337023e-05,1,1,0,1,1,0.04009763008929498,-0.04749913145699704,,,,,,,,,,
phase_slope,0.012,24,1,ok,0.3100161122208317,-0.01396978300137189,3.419658912970424e-05,0.00023702633114180854,515.3188507107205,3.929580307461621e-05,1,1,0,1,1,-0.0016088066404675852,0.027359431584071215,,,,,,,,,,
phase_slope,0.012,25,1,ok,0.31001567487368487,-0.014006318127481437,1.1076150687647851e-05,0.0002631262101442515,516.1550608359446,4.8626690778095876e-05,1,1,0,1,1,0.025261104254156723,-0.04610676454965967,,,,,,,,,,
phase_slope,0.012,26,1,ok,0.3100135500901837,-0.01399923890019042,8.713676469940664e-06,0.00024258075420239758,515.4115324172276,2.7134689354037467e-05,1,1,0,1,1,-0.013472912569792555,0.08040023147495902,,,,,,,,,,
phase_slope,0.012,27,1,ok,0.3100006425297528,-0.014010768516850576,9.744256912720153e-06,0.00023945920882174272,516.301324203424,5.243296472127032e-05,1,1,0,1,1,0.005796437968365533,-0.041855043297833135,,,,,,,,,,
phase_slope,0.012,28,1,ok,0.31000940424193874,-0.01401104540632226,9.675624059195978e-06,0.0002597465939908056,515.2468954257074,4.295829241529699e-05,1,1,0,1,1,-0.0271578452408196,0.054960363569137645,,,,,,,,,,
phase_slope,0.012,29,1,ok,0.30998782174387884,-0.01399294204545439,1.9866494570783045e-05,0.00029005379971090716,515.773913713384,0.00015060282162662576,1,1,0,1,1,-0.01869438397800389,0.04547774043041524,,,,,,,,,,
phase_slope,0.012,30,1,ok,0.31000044839943647,-0.014022493212081173,2.0834058356656015e-05,0.0002513308761125499,515.9867297477388,4.2918544165358497e-05,1,1,0,1,1,-0.003957255955553195,-0.0236479393610603,,,,,,,,,,
phase_slope,0.012,31,1,ok,0.3100056532448434,-0.014017287197936604,1.5040259563350326e-05,0.0002641244524133258,515.8546942393148,3.0400782762814138e-05,1,1,0,1,1,-0.01163014948010522,0.017719669576932145,,,,,,,,,,
phase_slope,0.012,32,1,ok,0.30999075127134545,-0.013974747064946919,3.114775639873208e-05,0.0002449897604535697,515.3297262652926,5.8728328251727284e-05,1,1,0,1,1,0.027836015722122794,0.0667686950018196,,,,,,,,,,
phase_slope,0.012,33,1,ok,0.3099985262476401,-0.013981019939181246,2.2306386657333565e-05,0.0002534717048107422,515.8477416523758,9.108391298364841e-05,1,1,0,1,1,0.00569992022361603,0.027180839575954623,,,,,,,,,,
phase_slope,0.012,34,1,ok,0.31001865942612444,-0.014002502218845707,1.328878863951411e-05,0.0002476015468027618,515.5848603850881,4.1709429192235344e-05,1,1,0,1,1,-0.0018668066139713364,0.01849072046131163,,,,,,,,,,
phase_slope,0.012,35,1,ok,0.3100415590420368,-0.013997746174152833,3.646514966472453e-05,0.00026610496929023333,515.4986940285752,5.1354851981996505e-05,1,1,0,1,1,-0.005721464174671631,0.006576666164590681,,,,,,,,,,
phase_slope,0.012,36,1,ok,0.30998300839524,-0.014007201882385495,2.2906395069029253e-05,0.00024309873151298072,516.3129388183086,2.6225518417780737e-05,1,1,0,1,1,-0.014482726486368645,0.0045894288111682936,,,,,,,,,,
phase_slope,0.012,37,1,ok,0.30996465579891375,-0.013993033903011246,4.1747117656118963e-05,0.00024327255866333955,516.748482194313,9.928479845335207e-05,1,1,0,1,1,-0.02118667819426482,-0.08662571314836384,,,,,,,,,,
phase_slope,0.012,38,1,ok,0.3100222885699532,-0.013998449522129043,1.7337109402568385e-05,0.00025170249257956256,515.9812200722761,2.639840814554737e-05,1,1,0,1,1,-0.004495022973037845,0.009471916192067468,,,,,,,,,,
phase_slope,0.012,39,1,ok,0.3099890669724021,-0.013984664334862089,2.3981817737027224e-05,0.0002443414191025355,515.7245603075236,6.629654849275916e-05,1,1,0,1,1,0.010701862696688678,0.006404107065765945,,,,,,,,,,
phase_slope,0.012,40,1,ok,0.3100181709475132,-0.013990318782009964,1.749656071255038e-05,0.00023909226629298248,515.4678829136485,2.4614926308172082e-05,1,1,0,1,1,0.0010989010319230736,0.002574469449465192,,,,,,,,,,
phase_slope,0.012,41,1,ok,0.3099972059887158,-0.014027986958877546,2.700212960686796e-05,0.0002619413390440758,516.1320139925679,9.362549319910234e-05,1,1,0,1,1,0.014285580457423109,-0.02269948979206605,,,,,,,,,,
phase_slope,0.012,42,1,ok,0.31000721226279,-0.014030191135273953,2.800205346579619e-05,0.00023533689857681403,516.1460894534367,2.6109514155854346e-05,1,1,1,0,1,0.019922696380215515,-0.028137028381894535,,,,,,,,,,
phase_slope,0.012,43,1,ok,0.30998987033585457,-0.013990964824717953,1.9174953103188803e-05,0.00024497153087945956,516.6579402188383,3.743164432312901e-05,1,1,0,1,1,-0.03133946443141813,-0.05745773524838736,,,,,,,,,,
phase_slope,0.012,44,1,ok,0.31001429518880597,-0.013986168253577515,1.839056272535556e-05,0.00027009995636548305,515.40101019218,6.016331268567559e-05,1,1,0,1,1,-0.007387914815654067,0.02187178828048535,,,,,,,,,,
phase_slope,0.012,45,1,ok,0.31003388078571187,-0.01395495008326616,5.5226180495563065e-05,0.00025343217419504386,515.3002628959022,0.00010402984147113606,1,1,0,1,1,-0.030967978494919574,0.013551371725400479,,,,,,,,,,
phase_slope,0.012,46,1,ok,0.3100037341981837,-0.01401294529731198,1.0820574801697606e-05,0.0002475462696571096,515.5852776579104,3.7364302999752286e-05,1,1,0,1,1,-0.013234381282460348,-0.015571122265111826,,,,,,,,,,
phase_slope,0.012,47,1,ok,0.3100509173727261,-0.014002259875275955,4.554433408811891e-05,0.00024614721614801046,515.2914695150362,7.901145471121429e-05,1,1,0,1,1,0.004225681567226385,0.00843669674458968,,,,,,,,,,
phase_slope,0.012,48,1,ok,0.3099885415398491,-0.014009532442071303,1.8339572675703996e-05,0.0002413749138267701,516.1066784227581,3.4171160002578625e-05,1,1,0,1,1,0.0011081170020075964,-0.014968870787441456,,,,,,,,,,
phase_slope,0.012,49,1,ok,0.31001773479863076,-0.014005728308573374,1.2841917732194246e-05,0.0002538014547384523,515.6100699766741,6.750493157959096e-05,1,1,0,1,1,0.0025486405398345412,0.014341329566733455,,,,,,,,,,
phase_slope,0.012,50,1,ok,0.31001065873755873,-0.014038907642659464,3.703720358398819e-05,0.0002363749737007001,516.0463758425376,6.826568919430031e-05,1,1,0,1,1,-0.026338447375398966,0.028112050907861303,,,,,,,,,,
phase_slope,0.012,51,1,ok,0.3100075403515201,-0.013995764220653368,6.837888611005626e-06,0.0002444145931942264,515.7900676328546,2.178689283904458e-05,1,1,0,1,1,-0.010651837421395303,0.0320584298707391,,,,,,,,,,
phase_slope,0.012,52,1,ok,0.3099981132798277,-0.014019946833509524,1.9128460539737697e-05,0.00024691584806971797,515.7718601088288,5.7780230846520365e-05,1,1,0,1,1,-0.0063885090186394464,0.027278467887437957,,,,,,,,,,
phase_slope,0.012,53,1,ok,0.30998472525172727,-0.014020040412619422,2.7255201148645767e-05,0.0002669629134290338,515.6078136686358,9.061873235521363e-05,1,1,0,1,1,-0.031448856591907236,0.05004624798428636,,,,,,,,,,
phase_slope,0.012,54,1,ok,0.3100264590883458,-0.014003184801608204,2.1106779498705293e-05,0.00024310986948954192,515.9145577606264,2.4928005677842622e-05,1,1,0,1,1,0.004763954406111311,0.0008174118299006932,,,,,,,,,,
phase_slope,0.012,55,1,ok,0.31002969494175264,-0.013984180503255709,3.0299262688588268e-05,0.00024261713561166384,515.4155797780153,5.105397918948496e-05,1,1,0,1,1,0.02335610498642947,0.015169987084557263,,,,,,,,,,
phase_slope,0.012,56,1,ok,0.3100040412480119,-0.014002334234195255,1.3344815523535222e-06,0.0002524128060821539,515.3423361990612,5.085218564181114e-05,1,1,0,1,1,0.005059423601036554,0.07418665917956555,,,,,,,,,,
phase_slope,0.012,57,1,ok,0.3100308376560118,-0.013993488128065291,2.6929707961581966e-05,0.00025357545735420396,516.0580415301274,6.988260442432674e-05,1,1,0,1,1,-0.020862099314702804,-0.04649080309619505,,,,,,,,,,
phase_slope,0.012,58,1,ok,0.30999647430760974,-0.01398795414145649,1.6838827293329915e-05,0.0002594329794444824,515.7962488909834,7.988909446663661e-05,1,1,0,1,1,-0.004901153177874272,0.008891769283041912,,,,,,,,,,
phase_slope,0.012,59,1,ok,0.3099786559500027,-0.013972848724822,3.972670809058809e-05,0.00025476740469298115,515.0478958259575,6.805964281203715e-05,1,1,0,1,1,0.016107549227800496,0.10108232360877178,,,,,,,,,,
phase_slope,0.035,0,1,ok,0.3100033096687995,-0.01396594812239837,3.636002001564273e-05,0.0002473824020953863,517.3891610455701,7.510074693218796e-05,1,1,0,1,1,-0.0005723693890370699,-0.2234703389585519,,,,,,,,,,
phase_slope,0.035,1,1,ok,0.31001336071971936,-0.014002301612026011,7.987849581670018e-06,0.0002520522335817774,516.3161334195298,5.54197289238016e-05,1,1,0,1,1,-0.0066338123101869415,-0.05305572010064109,,,,,,,,,,
phase_slope,0.035,2,1,ok,0.3099918929697751,-0.014030655256805406,3.1441955058246016e-05,0.00024174347644926144,515.3803372377293,8.294587318027334e-05,1,1,0,1,1,-0.006992536980882392,0.10430309987677948,,,,,,,,,,
phase_slope,0.035,3,1,ok,0.3100424276203377,-0.0140230104170802,4.2474175586398e-05,0.00027507094250693684,518.6811928467755,7.42908951543482e-05,1,1,0,1,1,0.004836901450366827,-0.32881035086098825,,,,,,,,,,
phase_slope,0.035,4,1,ok,0.3099941868506012,-0.014004886809919419,1.1492866284278121e-05,0.0002660305963442192,515.2411448410518,7.887604091032001e-05,1,1,0,1,1,0.023331643297516486,0.07168162506695647,,,,,,,,,,
phase_slope,0.035,5,1,ok,0.30999242170138386,-0.014000222416379283,1.3109021041562967e-05,0.00025184818261051204,515.1654826657109,6.478262316556222e-05,1,1,0,1,1,0.00810466556902261,0.09631689191250858,,,,,,,,,,
phase_slope,0.035,6,1,ok,0.3100301833626752,-0.014015980263858127,2.835638654604658e-05,0.00023892315537843263,515.1439880706247,8.31885193805885e-05,1,1,0,1,1,0.017882584708943442,0.0373379034654801,,,,,,,,,,
phase_slope,0.035,7,1,ok,0.3100189254980812,-0.01397307145451593,3.217188693136962e-05,0.00025206924239364704,514.9961673548688,6.400247818318511e-05,1,1,0,1,1,-0.049249384347123615,0.11307941720484008,,,,,,,,,,
phase_slope,0.035,8,1,ok,0.3100145303978561,-0.013968530238650825,3.494065082957299e-05,0.0002656249033250068,516.0336684051692,6.371163676233813e-05,1,1,0,1,1,-0.0020299111923997486,-0.04010827164270854,,,,,,,,,,
phase_slope,0.035,9,1,ok,0.3099702938331493,-0.014016628016870883,3.7911622033049726e-05,0.0002571358590304261,515.8146358329082,5.2269264973221286e-05,1,1,0,1,1,0.0057089782904434574,0.04152357425426268,,,,,,,,,,
phase_slope,0.035,10,1,ok,0.31002549775770905,-0.013997502029184414,2.067711809353624e-05,0.0002445153526464277,516.8356074570124,4.480247140968674e-05,1,1,0,1,1,-0.00514094416668681,-0.13439911280534203,,,,,,,,,,
phase_slope,0.035,11,1,ok,0.3100013770297005,-0.014004641452936858,4.6571775136922065e-06,0.00025708246593280043,514.3622956422929,5.114874478323011e-05,1,1,0,1,1,-0.022757442439222286,0.22415107116105998,,,,,,,,,,
phase_slope,0.035,12,1,ok,0.30998706608069065,-0.013978469204296299,3.001082362720316e-05,0.00027563664873861177,516.2964153734638,0.00011269864910368814,1,1,0,1,1,0.03740282093128509,-0.01629579068962918,,,,,,,,,,
phase_slope,0.035,13,1,ok,0.3099987458034148,-0.013989342886971555,1.450869327833832e-05,0.0002451895343797875,515.0714426767879,4.7824638685670244e-05,1,1,0,1,1,0.03505022163874061,0.08518325299110031,,,,,,,,,,
phase_slope,0.035,14,1,ok,0.309998071854535,-0.01394698605109254,5.574371247439155e-05,0.00025997342471441347,516.9701078198318,4.386438198209155e-05,1,1,1,0,1,0.013618061233272381,-0.16502425224818937,,,,,,,,,,
phase_slope,0.035,15,1,ok,0.30997167825846095,-0.014009954988184059,3.4564607430831305e-05,0.0002601860416831879,515.6832035619138,8.285034760335984e-05,1,1,0,1,1,0.008766278625879921,0.10529054703362573,,,,,,,,,,
phase_slope,0.035,16,1,ok,0.3099989362628609,-0.014000345477023633,6.712494814779927e-06,0.00026093224484982126,514.9934583462209,7.72094036366607e-05,1,1,0,1,1,0.032965273776054065,0.09467255498375399,,,,,,,,,,
phase_slope,0.035,17,1,ok,0.3100071126656658,-0.014036237971017036,3.403291268610798e-05,0.00023127155363466523,515.5215593976911,3.320164015846441e-05,1,1,1,0,1,-0.0038302857340797893,0.02840764657397845,,,,,,,,,,
phase_slope,0.035,18,1,ok,0.3100257587677829,-0.014007710791296025,2.110457474378581e-05,0.00026152721067689716,516.7037993169924,5.5476192428103544e-05,1,1,0,1,1,-0.02042399367222921,-0.11412203098465092,,,,,,,,,,
phase_slope,0.035,19,1,ok,0.3100317457762183,-0.014021110269552101,3.242295505763121e-05,0.00026858023956317196,513.6603888075946,5.481693303269307e-05,1,1,0,1,1,0.019700429228148138,0.32382511327752767,,,,,,,,,,
phase_slope,0.035,20,1,ok,0.3100191377755259,-0.01399290087861516,1.6639278312842598e-05,0.000251664940016157,516.60540174823,2.1423640505675954e-05,1,1,0,1,1,0.03568574317125952,-0.12422757067561072,,,,,,,,,,
phase_slope,0.035,21,1,ok,0.31001295082410096,-0.014001970002839662,7.5829387904548586e-06,0.0002547808135146345,516.2863713592214,4.3526747489238336e-05,1,1,0,1,1,0.009386972683157633,-0.030089113759388778,,,,,,,,,,
phase_slope,0.035,22,1,ok,0.3100348443619338,-0.014001767606453094,2.9475262444725072e-05,0.00024285408042275776,514.8924246145473,4.344453676149295e-05,1,1,0,1,1,0.008313584048833863,0.09270910026972616,,,,,,,,,,
phase_slope,0.035,23,1,ok,0.30996542354061424,-0.013996060297906636,4.042609691729534e-05,0.00024418097063015,515.2366959610923,4.4391989651276994e-05,1,1,0,1,1,-0.017862374876854333,0.10240868211959041,,,,,,,,,,
phase_slope,0.035,24,1,ok,0.31007429884197946,-0.014038917329736665,7.807235340959145e-05,0.0002474260333807643,515.9502986699003,8.507075515882669e-05,1,1,0,1,1,-0.025165326609113074,-0.058607575874452714,,,,,,,,,,
phase_slope,0.035,25,1,ok,0.3100040395620747,-0.014008099851610509,6.000350519234267e-06,0.00024434557069262134,513.890047464112,6.585873739033799e-05,1,1,0,1,1,-0.015583110587526655,0.2520156481513772,,,,,,,,,,
phase_slope,0.035,26,1,ok,0.3100153118059981,-0.013989635606476772,1.6058972980803258e-05,0.0002483969847205408,515.0262473516957,2.371745184001307e-05,1,1,0,1,1,0.015240620217632036,0.08703544441463856,,,,,,,,,,
phase_slope,0.035,27,1,ok,0.3100492292431288,-0.014006467145225533,4.405853708001378e-05,0.00024134034497439358,514.426602742873,2.192619906920073e-05,1,1,1,0,1,0.02726973548245302,0.20165682016444295,,,,,,,,,,
phase_slope,0.035,28,1,ok,0.31001956900383876,-0.014026922330926884,2.8465269624276206e-05,0.0002521549707485986,515.1928067063862,4.711426162218524e-05,1,1,0,1,1,-0.011678336197487362,0.07743248884225437,,,,,,,,,,
phase_slope,0.035,29,1,ok,0.31000738817211076,-0.01399622941197906,6.348449024049306e-06,0.00023818662733987505,514.914030734677,4.2172569491673615e-05,1,1,0,1,1,-0.018722748899943752,0.09718207593154261,,,,,,,,,,
phase_slope,0.035,30,1,ok,0.31000676818616263,-0.014008505650217055,6.409776816459948e-06,0.0002518938445051363,517.385664892327,5.152586551532934e-05,1,1,0,1,1,-0.006897448321716154,-0.17632542792297265,,,,,,,,,,
phase_slope,0.035,31,1,ok,0.3100175930754474,-0.014036449201481388,3.631728951245941e-05,0.00024484648980112333,517.0788801749945,4.867955029122124e-05,1,1,0,1,1,0.048817747035256674,-0.14797941201665002,,,,,,,,,,
phase_slope,0.035,32,1,ok,0.31002960802794116,-0.014000367480106645,2.4307958206791066e-05,0.0002500093156031752,517.7926254825318,3.7174325669745254e-05,1,1,0,1,1,0.002652190348591152,-0.2416096768554781,,,,,,,,,,
phase_slope,0.035,33,1,ok,0.3100391707658509,-0.014008598774818732,3.438893655258985e-05,0.00028130686595035173,515.0016021834699,0.0001049974822835521,1,1,0,1,1,0.0018051387729488037,0.07717088006157077,,,,,,,,,,
phase_slope,0.035,34,1,ok,0.310004323416429,-0.013999777535849436,2.685620421929778e-06,0.00027257517326048257,515.2849636071587,9.922260286387795e-05,1,1,0,1,1,0.037773719897604356,0.11582434065905578,,,,,,,,,,
phase_slope,0.035,35,1,ok,0.3099713583428462,-0.014028389440001565,4.289864244664273e-05,0.00026226510474564534,514.5537396021219,6.962758740438872e-05,1,1,0,1,1,-0.021794686349236793,0.26182420548847374,,,,,,,,,,
phase_slope,0.035,36,1,ok,0.31002691267710025,-0.01401669452430525,2.5934789246561222e-05,0.0002456155685459883,515.9238446606075,6.152797721964327e-05,1,1,0,1,1,0.014408043020145722,-0.004814708355390453,,,,,,,,,,
phase_slope,0.035,37,1,ok,0.31003616489249597,-0.014030676941326065,4.190769428438945e-05,0.00025975876528007153,514.6913647176209,5.748872226320141e-05,1,1,0,1,1,-0.012681906998109537,0.19239142127553888,,,,,,,,,,
phase_slope,0.035,38,1,ok,0.3100004842817316,-0.01403981276619977,3.788001135487656e-05,0.00025804311826334547,518.5310604551937,7.063462804928902e-05,1,1,0,1,1,0.004182649094355606,-0.27567716782259266,,,,,,,,,,
phase_slope,0.035,39,1,ok,0.3100050942545144,-0.013999906077289744,2.3599957107243196e-06,0.0002628565002739934,518.5740447288837,4.7148480114804247e-05,1,1,0,1,1,0.04192857820012648,-0.3160475824691541,,,,,,,,,,
phase_slope,0.035,40,1,ok,0.309987579253462,-0.01401062188268339,1.9665065673409828e-05,0.00023959799199157065,514.9372058708425,4.261630975796956e-05,1,1,0,1,1,-0.011156351167471226,0.15008983539904064,,,,,,,,,,
phase_slope,0.035,41,1,ok,0.3100255486127876,-0.014002867261119096,2.0185026965303807e-05,0.00024733906452526204,516.209126226891,3.9238533192294745e-05,1,1,0,1,1,0.014436420551944246,-0.052602526692717685,,,,,,,,,,
phase_slope,0.035,42,1,ok,0.30998360857219,-0.013969592978370046,3.92446638425467e-05,0.00025010166929956116,515.9118987061023,5.963282492284547e-05,1,1,0,1,1,-0.001385294257888871,-0.026010291178193826,,,,,,,,,,
phase_slope,0.035,43,1,ok,0.31007530322959787,-0.013974674075667689,7.517072674923829e-05,0.00026120455106150737,514.244999923573,7.83568829724807e-05,1,1,0,1,1,-0.04216544821691553,0.15977144831433399,,,,,,,,,,
phase_slope,0.035,44,1,ok,0.3100086543324768,-0.01400705944859233,5.822543946342517e-06,0.0002400964362619964,514.6163512383123,2.0882509425693145e-05,1,1,0,1,1,0.008845310743052438,0.14640181818968376,,,,,,,,,,
phase_slope,0.035,45,1,ok,0.30998343798787675,-0.014000383099287476,2.201431663431826e-05,0.0002457374935969327,517.0567170775379,4.2159839287991665e-05,1,1,0,1,1,-0.01019534644367094,-0.1569606986459196,,,,,,,,,,
phase_slope,0.035,46,1,ok,0.3100021240649509,-0.014027148648461735,2.5110177294677734e-05,0.0002603534155335872,516.1521188221434,7.197467629514574e-05,1,1,0,1,1,-0.009198549533789086,-0.024122510774430634,,,,,,,,,,
phase_slope,0.035,47,1,ok,0.3100531928354341,-0.014001930818927557,4.78208578170556e-05,0.0002521594708938382,513.8838539144481,3.440182928682999e-05,1,1,1,0,1,-0.010079740758268806,0.2230570770663144,,,,,,,,,,
phase_slope,0.035,48,1,ok,0.3099908707667033,-0.014018089040117827,2.1475693511900654e-05,0.0002333267684787629,515.6765793190733,3.7393500072682725e-05,1,1,0,1,1,0.020967742807353758,0.07920967485567956,,,,,,,,,,
phase_slope,0.035,49,1,ok,0.3099957200224961,-0.013985216076546077,1.9578557627464082e-05,0.00025693217640423353,516.7123191486556,2.685368437916135e-05,1,1,0,1,1,-0.022967743738803822,-0.1011261103106529,,,,,,,,,,
phase_slope,0.035,50,1,ok,0.3099956825750226,-0.01404111564944267,4.0055947003382385e-05,0.00025602932013395863,514.5841742748582,7.688218695979611e-05,1,1,0,1,1,-0.04857696837032419,0.2557136449560298,,,,,,,,,,
phase_slope,0.035,51,1,ok,0.3099988360878217,-0.014004002042510616,6.76778956819137e-06,0.000247460016699279,517.6873419860291,2.9488634129172996e-05,1,1,0,1,1,0.005145114957501904,-0.20072639498678604,,,,,,,,,,
phase_slope,0.035,52,1,ok,0.3100022871823704,-0.014004522959930423,3.832872877670317e-06,0.00024156052620953706,516.8998319332729,3.732405760541931e-05,1,1,0,1,1,0.018677051103574187,-0.10957609219531388,,,,,,,,,,
phase_slope,0.035,53,1,ok,0.3099950186417952,-0.014035821121646832,3.5132094508721814e-05,0.00023336713368299952,515.6681337608936,3.888698747832616e-05,1,1,0,1,1,0.01969407796482585,0.03471684177350242,,,,,,,,,,
phase_slope,0.035,54,1,ok,0.3100139153086163,-0.014013605094987834,1.42098130388389e-05,0.00025851244064554584,516.1015267522941,7.04921694048441e-05,1,1,0,1,1,0.014024632215942292,-0.04960851381773036,,,,,,,,,,
phase_slope,0.035,55,1,ok,0.3100078572733274,-0.014001059724751502,2.7544686126091888e-06,0.00026219321681682646,516.2195029064512,5.937495347965483e-05,1,1,0,1,1,0.00022825636868142985,-0.05678080109834016,,,,,,,,,,
phase_slope,0.035,56,1,ok,0.31001195262645737,-0.014008035517972875,8.76175782838391e-06,0.0002525534257013803,515.2149828241567,3.755097304072795e-05,1,1,0,1,1,0.009304838040667436,0.07308744330386599,,,,,,,,,,
phase_slope,0.035,57,1,ok,0.31003543146575324,-0.014009287935189942,3.08714731403347e-05,0.00026433328765855936,516.1879747914517,5.177702909943228e-05,1,1,0,1,1,0.01351022447771647,-0.10458985379073894,,,,,,,,,,
phase_slope,0.035,58,1,ok,0.310033099541585,-0.014001875742492807,2.7729021473419503e-05,0.0002462961746542084,514.6325906706138,3.594352129014727e-05,1,1,0,1,1,-0.028007614418699645,0.15983403792250553,,,,,,,,,,
phase_slope,0.035,59,1,ok,0.31000889792344216,-0.013989685141506216,1.3049487889346731e-05,0.00023328487439584582,516.1673237783767,6.365911285016093e-05,1,1,0,1,1,-0.013890999718278929,-0.039805729290624994,,,,,,,,,,
phase_slope,0.15,0,1,ok,0.309980690819914,-0.013973344109940524,3.8009687871126746e-05,0.00031957238093390677,512.8587247725452,0.00014070155132732705,1,1,0,1,1,-0.007701679892010602,0.4832373512231456,,,,,,,,,,
phase_slope,0.15,1,1,ok,0.31000050433590737,-0.014042283737233261,4.03291522932445e-05,0.00026934867836201807,517.434590278154,9.62592956540633e-05,1,1,0,1,1,-0.007191092640974328,-0.14909023766411855,,,,,,,,,,
phase_slope,0.15,2,1,ok,0.3099727687714095,-0.0140303192077239,4.302259955426049e-05,0.0005127467537075248,512.5275843655903,0.00023885557033773922,1,1,0,1,1,-0.01527801334159252,0.7024054537448096,,,,,,,,,,
phase_slope,0.15,3,1,ok,0.3099926124194397,-0.014050247982274503,4.966571304640177e-05,0.0004121877311341685,512.9655071574463,0.0001387413749853287,1,1,0,1,1,-0.0041306028404693666,0.5988166253402502,,,,,,,,,,
phase_slope,0.15,4,1,ok,0.3100330299469004,-0.013995914361153385,2.837321116552764e-05,0.00045174727396819363,522.2615434672913,0.0001893628930397961,1,1,0,1,1,-0.015054075026568503,-0.6595464429796513,,,,,,,,,,
phase_slope,0.15,5,1,ok,0.3100139361417285,-0.013990762754037413,1.4327357306982528e-05,0.00032172767135801996,520.4886306265795,0.00014659677308567588,1,1,0,1,1,-0.003298370667940795,-0.5078178480009444,,,,,,,,,,
phase_slope,0.15,6,1,ok,0.3099696142985769,-0.014016689094274165,3.856407718650189e-05,0.0003595888297438,512.9325500395103,0.00014475887667982385,1,1,0,1,1,0.005585685010947937,0.5498811201980688,,,,,,,,,,
phase_slope,0.15,7,1,ok,0.3099365414503084,-0.014040840225274813,7.891152024447798e-05,0.0015002972613037014,531.0998208087252,0.0006663868758154361,0,0,0,1,1,0.0361376240726116,-1.231369949713336,,,,,,,,,,
phase_slope,0.15,8,1,ok,0.31002163992699305,-0.014011312141584046,1.862101520947307e-05,0.00037559022935502713,520.7391261102408,0.00011776497921440296,1,1,0,1,1,0.00864450707708171,-0.5398209573215426,,,,,,,,,,
phase_slope,0.15,9,1,ok,0.3099879084980159,-0.014027304504517293,3.054113665567109e-05,0.0002461463395313667,515.6721448596328,1.570446932570753e-05,1,1,1,0,1,-0.0014710654601881616,0.025515204516599825,,,,,,,,,,
phase_slope,0.15,10,1,ok,0.3100174284099412,-0.014017584468178024,1.9506196520687977e-05,0.0002456618151684779,517.3596313174378,5.6626903525781594e-05,1,1,0,1,1,-0.014871869305343571,-0.19181930365483493,,,,,,,,,,
phase_slope,0.15,11,1,ok,0.31002893830096906,-0.013980025506881124,3.239181333028343e-05,0.00023579405112433334,516.9138900710295,3.505106476805083e-05,1,1,0,1,1,-0.014069017763846326,-0.16408426773139165,,,,,,,,,,
phase_slope,0.15,12,1,ok,0.3100179905676262,-0.013968084131820773,3.642084187110913e-05,0.00024676245468920077,518.2184603536934,5.2684245711568455e-05,1,1,0,1,1,-0.023963397888868185,-0.3136450284551371,,,,,,,,,,
phase_slope,0.15,13,1,ok,0.3100045858620223,-0.014018764499777412,1.6533700617188613e-05,0.00025802154284114453,513.2680238118459,3.8667662096957915e-05,1,1,0,1,1,0.03330293856762171,0.3522041306060812,,,,,,,,,,
phase_slope,0.15,14,1,ok,0.309995800966315,-0.014038922722348416,3.7901797480983135e-05,0.0002690949338434768,515.513894938117,0.00010274289061310575,1,1,0,1,1,0.0021384787179614386,0.04146860732375431,,,,,,,,,,
phase_slope,0.15,15,1,ok,0.3099906685283319,-0.014017145107631055,2.093084642253251e-05,0.0008511927742930181,525.9659197060985,0.00040280802111360186,1,1,0,1,1,-0.007934325618524623,-0.9172295916959823,,,,,,,,,,
phase_slope,0.15,16,1,ok,0.31001729206986756,-0.014005631876575535,1.2389649673069766e-05,0.0002776990649794341,514.107090756256,7.643469655681758e-05,1,1,0,1,1,-0.0037023456173773685,0.2762061804774295,,,,,,,,,,
phase_slope,0.15,17,1,ok,0.3100100345514156,-0.013974056851929982,2.857547628298476e-05,0.00024443581296598504,515.1209022725899,4.541288030436076e-05,1,1,0,1,1,0.007982517469198204,0.1205571455044818,,,,,,,,,,
phase_slope,0.15,18,1,ok,0.30995717314743837,-0.01403623425631946,5.8976181401198003e-05,0.0014682327470021425,531.4494185205699,0.000690124452025352,1,1,0,1,1,-0.001518729503400605,-1.2481068526581056,,,,,,,,,,
phase_slope,0.15,19,1,ok,0.31000870885956666,-0.014016252582171143,1.4394882364102812e-05,0.0005805429391283976,512.115753927351,0.0002758369776564486,1,1,0,1,1,-0.021119021483517884,0.719722829606726,,,,,,,,,,
phase_slope,0.15,20,1,ok,0.3099922490367583,-0.014004040589530238,1.3245651479643455e-05,0.00024702663291126866,518.1557602209344,8.314731098388405e-05,1,1,0,1,1,0.026189362844063632,-0.21408385944883254,,,,,,,,,,
phase_slope,0.15,21,1,ok,0.30999923668623636,-0.01407486801223998,7.28772671956268e-05,0.0006968754345484685,525.1214624546427,0.0002352092981018231,1,1,0,1,1,-0.005002631501793519,-0.8402048821919762,,,,,,,,,,
phase_slope,0.15,22,1,ok,0.3100087847519528,-0.013996888231534213,6.3548015004169745e-06,0.00028239260557261074,513.7853052568552,0.00010322919822186176,1,1,0,1,1,-0.018695889555130133,0.29822502351521035,,,,,,,,,,
phase_slope,0.15,23,1,ok,0.31001254873704126,-0.014019248853052951,1.845174727080017e-05,0.0002454795510965687,516.9987800820023,4.3724975373821434e-05,1,1,0,1,1,0.00715647369335401,-0.13780889808525748,,,,,,,,,,
phase_slope,0.15,24,1,ok,0.31001691628455585,-0.014000631591032998,1.1656083668509192e-05,0.00032394614509462753,518.9142488266083,0.00011096354797103977,1,1,0,1,1,0.029196935164750165,-0.37224891136603,,,,,,,,,,
phase_slope,0.15,25,1,ok,0.3100015385020042,-0.014020300087803953,1.845333682797959e-05,0.00026968020949616576,518.0647052673165,7.502145044909316e-05,1,1,0,1,1,-0.021947677447156533,-0.24767171399063326,,,,,,,,,,
phase_slope,0.15,26,1,ok,0.3100086703426992,-0.0140138902252699,1.209865926651329e-05,0.0002478779106322224,518.1534525085309,5.953982602679177e-05,1,1,0,1,1,0.02111369611622837,-0.26494919643601245,,,,,,,,,,
phase_slope,0.15,27,1,ok,0.3099927483846574,-0.01411253593974744,0.00011100662122392015,0.0017057662413519175,512.2508329704225,0.0008354391085120964,0,0,0,1,1,-0.006523744279635302,1.3209080185791497,,,,,,,,,,
phase_slope,0.15,28,1,ok,0.31002269537152854,-0.013992911470725457,1.9678995846384468e-05,0.00024922745545028976,514.0075215781446,5.598356599092626e-05,1,1,0,1,1,-0.024548237410412278,0.2830842830122455,,,,,,,,,,
phase_slope,0.15,29,1,ok,0.3099912832646905,-0.014014546602344958,1.8701317863847683e-05,0.0003955353587125309,512.4494308833816,0.0001264772347141674,1,1,0,1,1,0.0036871485549663896,0.583088360592725,,,,,,,,,,
phase_slope,0.15,30,1,ok,0.3100209288027712,-0.014014515464847716,1.9809958579190535e-05,0.0002609096495188457,513.6434698313885,6.523187936856951e-05,1,1,0,1,1,0.00236794898147978,0.3223275180074986,,,,,,,,,,
phase_slope,0.15,31,1,ok,0.3099688576236322,-0.014009646233276581,3.725703370420274e-05,0.0002577684915521368,520.033044296349,4.955398778411098e-05,1,1,0,1,1,-0.03129235891806471,-0.42363717667313394,,,,,,,,,,
phase_slope,0.15,32,1,ok,0.3099940127039752,-0.013983239139539647,2.2146170974511036e-05,0.00023990828586609815,517.4228370337421,5.100112183752724e-05,1,1,0,1,1,0.04531560935656319,-0.17472169518064515,,,,,,,,,,
phase_slope,0.15,33,1,ok,0.3099853088636155,-0.014030646869781923,3.47703754329065e-05,0.0013298858463971586,529.1867656246387,0.000618936315769042,1,1,0,1,1,-0.007813175360287037,-1.1388958617228708,,,,,,,,,,
phase_slope,0.15,34,1,ok,0.3100078572102955,-0.014019850248543487,1.777514376898406e-05,0.00031868770058139304,513.3402711100099,9.485473994282473e-05,1,1,0,1,1,-0.02464317137372218,0.468892280166796,,,,,,,,,,
phase_slope,0.15,35,1,ok,0.3099868704917454,-0.014019359863824314,2.520133263466338e-05,0.00040297153707862215,512.8523050572641,0.00019057484583032749,1,1,0,1,1,-0.008500549191679918,0.5348712171073823,,,,,,,,,,
phase_slope,0.15,36,1,ok,0.3100401058815194,-0.01404037592909091,5.1575102236703505e-05,0.0004370601784100449,512.3479121027539,0.0001463496653143282,1,1,0,1,1,0.010286066333011577,0.5992795357492813,,,,,,,,,,
phase_slope,0.15,37,1,ok,0.3099931038560135,-0.01397617347870331,2.881829801370023e-05,0.00026739413493780844,518.015994572943,8.213079735403126e-05,1,1,0,1,1,0.026438401514467247,-0.26710308095625285,,,,,,,,,,
phase_slope,0.15,38,1,ok,0.30997566541739563,-0.014027151671095365,3.8764139696748097e-05,0.00037227530654828397,512.7262885932341,0.00015385597682726168,1,1,0,1,1,-0.03155631737117371,0.6122531138256916,,,,,,,,,,
phase_slope,0.15,39,1,ok,0.31001334043221773,-0.014039683193720329,3.827214544674182e-05,0.0002987395639688498,513.6662919871726,5.9324362382267263e-05,1,1,0,1,1,0.02135512239824479,0.3875058758416114,,,,,,,,,,
phase_slope,0.15,40,1,ok,0.31000002272308613,-0.014013502355696615,1.2459998116724866e-05,0.00024161215238892346,514.9909301399673,4.092486730793254e-05,1,1,0,1,1,-0.011379632840085871,0.11971545837186416,,,,,,,,,,
phase_slope,0.15,41,1,ok,0.3100299567021042,-0.014002869630413108,2.4591481312057646e-05,0.0002483840779151968,517.3959321752759,7.362364513394999e-05,1,1,0,1,1,0.011976321290450438,-0.1776320563852854,,,,,,,,,,
phase_slope,0.15,42,1,ok,0.3100174371214939,-0.014018752890208116,2.0442659953732415e-05,0.0002750913239503123,513.5258117589781,8.718249281302579e-05,1,1,0,1,1,0.03274906809872143,0.37727454344311406,,,,,,,,,,
phase_slope,0.15,43,1,ok,0.30999307598022624,-0.01404890795572167,4.8251679918165094e-05,0.0003376142616558525,521.566788695935,8.226664559108942e-05,1,1,0,1,1,0.04277644633155011,-0.561176828078583,,,,,,,,,,
phase_slope,0.15,44,1,ok,0.3100266237393188,-0.013984641209842169,2.759793160693743e-05,0.00023422045222429313,515.8419859974186,2.9676985933066486e-05,1,1,0,1,1,0.006929149024293084,-0.061914145913219774,,,,,,,,,,
phase_slope,0.15,45,1,ok,0.3099703077312349,-0.014009504517336615,3.5807966075671064e-05,0.00025049358961314717,514.4944551712535,8.897329954508338e-05,1,1,0,1,1,0.026352626748581603,0.2103902999068736,,,,,,,,,,
phase_slope,0.15,46,1,ok,0.31002323888291383,-0.014021946454050374,2.65924129785826e-05,0.0004113497348217561,522.6998395655443,0.0001583405908108977,1,1,0,1,1,0.008376435607139092,-0.6808691281272747,,,,,,,,,,
phase_slope,0.15,47,1,ok,0.31000683946093244,-0.014007677195698726,5.622254195994142e-06,0.00040381668895260643,512.3700576611938,0.0002067197725978563,1,1,0,1,1,-0.002907992044355551,0.6383090626088092,,,,,,,,,,
phase_slope,0.15,48,1,ok,0.310027959724939,-0.013996145542252923,2.3396949385965288e-05,0.0004099335052305896,521.4931846202836,0.00013617144822471741,1,1,0,1,1,0.010682555952940136,-0.6040106814311551,,,,,,,,,,
phase_slope,0.15,49,1,ok,0.31004050172134046,-0.014027361220091716,4.3181249442566224e-05,0.00033508986531833766,512.9968468448183,0.00011374764466559712,1,1,0,1,1,0.00417497210131772,0.4275666767919223,,,,,,,,,,
phase_slope,0.15,50,1,ok,0.30998077844858407,-0.013989253556902559,2.7817076082273804e-05,0.0002502765529823838,517.9442950878572,9.587316428934041e-06,1,1,1,0,1,-0.025101207584468797,-0.22976415375921044,,,,,,,,,,
phase_slope,0.15,51,1,ok,0.3099896378231705,-0.013999094812058395,1.6048345904886344e-05,0.00024661640896081103,514.7009767543541,5.692957397731074e-05,1,1,0,1,1,0.015730961901982827,0.14124304501843285,,,,,,,,,,
phase_slope,0.15,52,1,ok,0.31002448456173176,-0.01401831601063629,2.4967608366823145e-05,0.00025725326590311445,516.1909382699732,5.586802348198408e-05,1,1,0,1,1,-0.015486399074042867,-0.0394296226795013,,,,,,,,,,
phase_slope,0.15,53,1,ok,0.31003462532593384,-0.014021772630300073,3.516883501788145e-05,0.00033910949408961886,519.9493738519476,7.79682899099018e-05,1,1,0,1,1,-3.191446484303755e-05,-0.4856751516980117,,,,,,,,,,
phase_slope,0.15,54,1,ok,0.3100273020188469,-0.013985177857012431,2.7790695936827768e-05,0.0004665583199946823,512.3056885803888,0.00020320784984040305,1,1,0,1,1,-0.027844868561611866,0.6509604258665843,,,,,,,,,,
phase_slope,0.15,55,1,ok,0.30996729136369155,-0.014011663827790443,3.922808567370641e-05,0.00033233360313506303,513.1847086184903,0.00013131741953795363,1,1,0,1,1,-0.023299528389555332,0.4607689288369773,,,,,,,,,,
phase_slope,0.15,56,1,ok,0.30998533019191177,-0.014007434458150602,2.0702633582387848e-05,0.00024642952214682653,516.0013891296937,4.7600316723262036e-05,1,1,0,1,1,-0.011105459768032533,-0.000453966831124862,,,,,,,,,,
phase_slope,0.15,57,1,ok,0.30998921699311993,-0.014009478611295657,1.769963812646631e-05,0.0005718094365692117,523.8494351115448,0.00023956173195038247,1,1,0,1,1,0.03833093692340677,-0.763938420289718,,,,,,,,,,
phase_slope,0.15,58,1,ok,0.3099674403212202,-0.014017496769884619,4.0882378742565867e-05,0.0011383446256159162,528.409279759818,0.000490898459832735,1,1,0,1,1,0.014393151174408075,-1.0711141888683737,,,,,,,,,,
phase_slope,0.15,59,1,ok,0.30994641545338786,-0.014037999567017515,6.894969762261607e-05,0.0006581994068874007,525.1485876665886,0.00021436124255430253,1,1,0,1,1,-0.03285033669001992,-0.8412893047740213,,,,,,,,,,
phase_slope,0.5,0,1,ok,0.3100092291431067,-0.014028194968210238,2.6230408370598735e-05,0.00025719761052358565,513.4952631235079,2.7092207357369462e-05,1,1,0,1,1,0.013091905218944525,0.37149722172126376,,,,,,,,,,
phase_slope,0.5,1,1,ok,0.3097433176551782,-0.01414444961370908,0.0002981507724062055,0.007012795564050736,554.7847104539608,0.003053970557190131,0,0,0,1,1,-0.010330390369888674,-2.3731417889457673,,,,,,,,,,
phase_slope,0.5,2,1,ok,0.31004053146812316,-0.014061472013673276,6.887245771999607e-05,0.0015412641853847142,511.71164512647147,0.0007341560957844922,0,0,0,1,1,0.00340662657935779,1.2970660897087556,,,,,,,,,,
phase_slope,0.5,3,0,fit_quality_failure,nan,nan,nan,0.060617271351773826,768.3002435917638,0.032560139086575374,0,0,0,0,0,0.03499615797484725,8.553655112846911,,,,,,,,,,
phase_slope,0.5,4,1,ok,0.3099978871693251,-0.014034585430419126,3.319107560494115e-05,0.0009434612705625982,511.74774803633005,0.00044305923134315344,1,1,0,1,1,0.00233954761811701,0.9687792445386477,,,,,,,,,,
phase_slope,0.5,5,1,ok,0.3100149644090336,-0.014033950965107636,3.312060027071467e-05,0.0007742537495367036,525.4546998358798,0.0003250047452534499,1,1,0,1,1,0.010975724071784446,-0.9014477580184029,,,,,,,,,,
phase_slope,0.5,6,1,ok,0.31002950902852733,-0.014067376942140396,6.945590918302088e-05,0.0011838224236749581,511.76278462402877,0.0005489814052657895,1,1,0,1,1,-0.030663204052892277,1.1254781960847724,,,,,,,,,,
phase_slope,0.5,7,1,ok,0.3100404985931918,-0.014048531735812537,5.810202525889481e-05,0.00044372547735039626,522.1081609159687,0.0001492233591116674,1,1,0,1,1,-0.008658049136088159,-0.6359951078884464,,,,,,,,,,
phase_slope,0.5,8,1,ok,0.3099826501947839,-0.013976062274082492,3.4671328801474777e-05,0.0002627009451857237,514.4751174930351,3.7415457944697144e-05,1,1,0,1,1,0.004262729014048118,0.16400516166354046,,,,,,,,,,
phase_slope,0.5,9,1,ok,0.31002211931049894,-0.014087935022692644,8.730657492844506e-05,0.0011728643179281372,511.9316428606265,0.0005404155535759394,1,1,0,1,1,0.0028116521619959045,1.1085791331907924,,,,,,,,,,
phase_slope,0.5,10,1,ok,0.3101097445774663,-0.014106775965981073,0.00014771320107179577,0.0026678058611570416,512.6350131415503,0.0013128738211980193,0,0,0,1,1,-0.014076529760900455,1.6309199195802957,,,,,,,,,,
phase_slope,0.5,11,1,ok,0.3104822843919845,-0.01450422384300388,0.0006924035166863109,0.013515345239692196,529.0615887642742,0.007871479599884934,0,0,0,1,1,0.029229560645089917,3.2609013160680584,,,,,,,,,,
phase_slope,0.5,12,1,ok,0.3101142465986965,-0.014205789131665246,0.00023082853730782847,0.004372178844723373,515.3139600189215,0.002261467376970818,0,0,0,1,1,-0.01001412558363293,2.0277457218240493,,,,,,,,,,
phase_slope,0.5,13,1,ok,0.31000825827504047,-0.014009457495697432,7.763960422984121e-06,0.0002444457017772724,514.2407754624236,3.553345219201857e-05,1,1,0,1,1,-0.013525404398985199,0.20080929464320876,,,,,,,,,,
phase_slope,0.5,14,1,ok,0.31021001891231176,-0.014267151840399018,0.0003347434200251517,0.006768996663192036,518.3771819183138,0.0036200548539261196,0,0,0,1,1,-0.02955211891699922,2.432044997920888,,,,,,,,,,
phase_slope,0.5,15,1,ok,0.30998123062764493,-0.013986250465651606,2.8962505507530646e-05,0.0003565143796904868,512.8746265427585,0.0001430733587561607,1,1,0,1,1,0.006289399774945375,0.5488113927243463,,,,,,,,,,
phase_slope,0.5,16,0,fit_quality_failure,nan,nan,nan,0.052280350839111964,658.2996238543553,0.016423082665724405,0,0,0,0,0,-0.006157538062903496,-4.703635054771257,,,,,,,,,,
phase_slope,0.5,17,1,ok,0.30998077127398216,-0.013974095121112843,3.7388750684009334e-05,0.0005055263499220406,523.404130564335,0.00022843707184490674,1,1,0,1,1,-0.003890115493038811,-0.7308051450301829,,,,,,,,,,
phase_slope,0.5,18,1,ok,0.3099946446722737,-0.014007990270737852,1.216773433451355e-05,0.00025748192975042357,518.3765199850615,3.054582597264357e-05,1,1,0,1,1,-0.0016847423079186451,-0.29086279319364006,,,,,,,,,,
phase_slope,0.5,19,1,ok,0.31012318690245944,-0.01415909546529039,0.00019616510333421883,0.00395085154830915,514.4405760589017,0.0020287178760138892,0,0,0,1,1,0.05402205323698153,1.9273264225195383,,,,,,,,,,
phase_slope,0.5,20,1,ok,0.3098787893456106,-0.014078911330783471,0.00014798804161292181,0.0044232928672439786,545.295711721658,0.002084105539921288,0,0,0,1,1,-0.02317796743048786,-1.9766106991999248,,,,,,,,,,
phase_slope,0.5,21,1,ok,0.3100015241073998,-0.014044308053339534,4.223425255015853e-05,0.0012788562907265378,529.2011074966514,0.000594652236145998,1,1,0,1,1,0.012149260576632095,-1.1360820913582133,,,,,,,,,,
phase_slope,0.5,22,1,ok,0.30988364452629585,-0.014081753758753117,0.0001453917136884685,0.003638343789177128,542.3180142906969,0.0016512270718407975,0,0,0,1,1,0.025187059594172327,-1.8109852717018393,,,,,,,,,,
phase_slope,0.5,23,1,ok,0.31044098222662947,-0.01449401648655746,0.0006569551619076034,0.011721642691801653,526.3831952822502,0.006668971769474303,0,0,0,1,1,0.012442643130461185,3.073843045769776,,,,,,,,,,
phase_slope,0.5,24,1,ok,0.30975962772521165,-0.014199579519528409,0.00031516642748131827,0.006378265345767161,553.382064112986,0.002802593866123007,0,0,0,1,1,0.021815145055827614,-2.285616268849603,,,,,,,,,,
phase_slope,0.5,25,1,ok,0.3099992235871855,-0.014021316516363992,2.0034096468755176e-05,0.00027200457029833217,513.8855540651064,3.37628176015672e-05,1,1,0,1,1,-0.0042935331369059,0.29903491388863024,,,,,,,,,,
phase_slope,0.5,26,1,ok,0.3099540466168405,-0.014050975301752304,7.077146811915804e-05,0.0017063164366437496,531.847494417339,0.0007718884040323477,0,0,0,1,1,0.02656434922124855,-1.3006859228590228,,,,,,,,,,
phase_slope,0.5,27,1,ok,0.30998432818485344,-0.014016692524299742,2.552421326186511e-05,0.0003759491886210588,512.9575894814575,0.00011172505354134773,1,1,0,1,1,0.0022715643751353284,0.5768245401868606,,,,,,,,,,
phase_slope,0.5,28,1,ok,0.30997382046022665,-0.014051759075804447,5.870910105611553e-05,0.0009961731698714484,527.6993535202485,0.00041767214760785244,1,1,0,1,1,0.0109172248344615,-1.0386991788352262,,,,,,,,,,
phase_slope,0.5,29,1,ok,0.3097428220100832,-0.014176195999555545,0.00031494509196936584,0.006670307891764638,554.360655260748,0.0028829601622226567,0,0,0,1,1,0.010010253866225451,-2.3245723713649804,,,,,,,,,,
phase_slope,0.5,30,1,ok,0.3100244423655195,-0.014007342198783338,1.9737635809897056e-05,0.0005941695306935503,523.8651872312006,0.0002642040692540635,1,1,0,1,1,0.018991801796445638,-0.796879719264877,,,,,,,,,,
phase_slope,0.5,31,1,ok,0.31000485184150733,-0.01398612002284948,1.613794452978535e-05,0.00031432993041363694,513.5096352665457,0.00015496688194476793,1,1,0,1,1,0.0024147989134437175,0.3735929022544943,,,,,,,,,,
phase_slope,0.5,32,1,ok,0.3099969721732344,-0.014008463678416622,1.044940030024346e-05,0.000256439372784908,513.1171345986779,6.457304330949316e-05,1,1,0,1,1,-0.010816222351945941,0.4239654201795203,,,,,,,,,,
phase_slope,0.5,33,1,ok,0.30999702535473705,-0.014017292895527658,1.7204247386619223e-05,0.00048612645467013837,522.3799689187173,0.00015771724170045466,1,1,0,1,1,0.020060500944710267,-0.648507418073859,,,,,,,,,,
phase_slope,0.5,34,1,ok,0.3100500237600936,-0.0140846807855051,9.374750990777142e-05,0.0021965941778810997,512.5667551744308,0.001132558688940966,0,0,0,1,1,-0.021038000505867092,1.4879234466383888,,,,,,,,,,
phase_slope,0.5,35,1,ok,0.3098962190072556,-0.014116409805741803,0.00015794672233891048,0.003163974415764617,540.49181765297,0.001407379381652243,0,0,0,1,1,-0.024017458953957297,-1.7290392007457533,,,,,,,,,,
phase_slope,0.5,36,1,ok,0.310008884030539,-0.014068455159071094,6.62986417136091e-05,0.0009111583301928056,511.89790935717076,0.00041100522256436227,1,1,0,1,1,0.006480623939001193,1.00338645152758,,,,,,,,,,
phase_slope,0.5,37,1,ok,0.3100119012428413,-0.014027002015688739,2.5598868218708985e-05,0.00023998256559363632,516.8348151992425,3.158725111330651e-05,1,1,0,1,1,-0.013994248606430941,-0.09276036606555409,,,,,,,,,,
phase_slope,0.5,38,1,ok,0.3099786269738927,-0.014004403772998943,2.6832680150681175e-05,0.0005424310742210492,512.32584720625,0.0002480238584847384,1,1,0,1,1,-0.006662979654821282,0.7479512495449718,,,,,,,,,,
phase_slope,0.5,39,0,fit_quality_failure,nan,nan,nan,0.03545925192028848,616.8727065552981,0.012483499715308882,0,0,0,0,0,0.02486743048563529,-4.221321627937157,,,,,,,,,,
phase_slope,0.5,40,1,ok,0.3100223268625778,-0.014009424619742297,1.8409610265876346e-05,0.00025392926114495626,516.2084161114617,4.410549183634706e-05,1,1,0,1,1,-0.017910076785476802,-0.05115277741609425,,,,,,,,,,
phase_slope,0.5,41,0,fit_quality_failure,nan,nan,nan,0.02572422931309515,600.7271444334724,0.009754021358269017,0,0,0,0,0,-0.019328892407719813,-3.8145893685744445,,,,,,,,,,
phase_slope,0.5,42,1,ok,0.3099939424326233,-0.014001869493797003,1.1436923642255477e-05,0.0003248311371176776,512.7366312424002,0.00013484852164281498,1,1,0,1,1,0.026455790575298076,0.5141003503080614,,,,,,,,,,
phase_slope,0.5,43,1,ok,0.3100409609573722,-0.014131934626117847,0.00013447943770998012,0.002692652745107456,513.1668796540615,0.0013509602757053967,0,0,0,1,1,-0.0027496929681069186,1.6404404373000356,,,,,,,,,,
phase_slope,0.5,44,1,ok,0.30997813644164063,-0.014042229864771286,4.837621263007714e-05,0.0003064291349070804,520.683855689172,5.3184450818916314e-05,1,1,0,1,1,-0.002909363322014538,-0.47284206849533245,,,,,,,,,,
phase_slope,0.5,45,1,ok,0.3101007499702003,-0.01423048146232788,0.00024735918261406704,0.0044545436806014,515.53148270192,0.0022876746509736924,0,0,0,1,1,0.0027028770706316514,2.040395989316752,,,,,,,,,,
phase_slope,0.5,46,0,fit_quality_failure,nan,nan,nan,0.027814980092415374,560.4812638028176,0.020352741241598717,0,0,0,0,0,0.0016518362719735605,4.507981760030785,,,,,,,,,,
phase_slope,0.5,47,1,ok,0.30998614826086224,-0.014029291550877137,3.3179240561620525e-05,0.0006347713561288314,524.6881701830878,0.00024038956624804745,1,1,0,1,1,-0.01244490093947214,-0.8193929056095752,,,,,,,,,,
phase_slope,0.5,48,1,ok,0.31002101619796896,-0.014040216692868476,4.1063517010430605e-05,0.0011851984680960929,511.6196759640342,0.0005733870070438975,1,1,0,1,1,0.003154076738150078,1.0789528899515655,,,,,,,,,,
phase_slope,0.5,49,1,ok,0.3100089776336664,-0.01396975181934251,3.269702607161363e-05,0.00024952130128784217,515.8430229479508,3.7701230432809116e-05,1,1,0,1,1,-0.0050094180095721745,-0.03153723625224977,,,,,,,,,,
phase_slope,0.5,50,1,ok,0.31000451454487543,-0.013984764164439015,1.7506446763172215e-05,0.00028967727263227907,519.0037907963796,0.00012843636726225975,1,1,0,1,1,0.019403175697932082,-0.3553523530751453,,,,,,,,,,
phase_slope,0.5,51,1,ok,0.3103145004097069,-0.014387069393986275,0.0004936051499964647,0.009579384947249298,522.8722013011861,0.005298389379353113,0,0,0,1,1,-0.04735923718054417,2.81619871619641,,,,,,,,,,
phase_slope,0.5,52,1,ok,0.31050471081625675,-0.014561521167388881,0.0007497485967949918,0.013397732105177971,529.3959667935168,0.007793889400484239,0,0,0,1,1,0.020761173303590723,3.2501828367177135,,,,,,,,,,
phase_slope,0.5,53,1,ok,0.3100290701595407,-0.01406725956203869,6.919433004643951e-05,0.000835369252917293,511.8335874857744,0.00036964913327539815,1,1,0,1,1,0.0021462372580823065,0.9432890463566134,,,,,,,,,,
phase_slope,0.5,54,1,ok,0.31000482910718685,-0.013987034169586856,1.522509855355575e-05,0.00045036632080742626,521.7938860250246,0.0001994775037465352,1,1,0,1,1,-0.04443362033976133,-0.5945410464341303,,,,,,,,,,
phase_slope,0.5,55,1,ok,0.3099955189128695,-0.014067061140235489,6.555643528903135e-05,0.0017846570546913088,512.5421058733752,0.0009367575583286057,0,0,0,1,1,0.007348607549173013,1.3342256557421335,,,,,,,,,,
phase_slope,0.5,56,1,ok,0.310018915586077,-0.013997977420099436,1.420040994797417e-05,0.00025322585279164474,517.3514105089802,2.919121165860212e-05,1,1,0,1,1,-0.024825986222954937,-0.1693977950879806,,,,,,,,,,
phase_slope,0.5,57,1,ok,0.31001301389535224,-0.014052257340115778,5.0588159386320024e-05,0.0008782610603205389,511.8156166627773,0.0004090229295681093,1,1,0,1,1,-0.018893647031849876,0.9634686156073718,,,,,,,,,,
phase_slope,0.5,58,1,ok,0.3102208211713938,-0.014292217021731694,0.00036124649865056546,0.006709009650313174,518.3784062710486,0.003554679565122951,0,0,0,1,1,0.038446170412687664,2.4331716632780496,,,,,,,,,,
phase_slope,0.5,59,1,ok,0.310296279727257,-0.014365970521508543,0.0004657463331278291,0.008894586545139995,522.0851510050742,0.0048555749503809914,0,0,0,1,1,-0.0009712274004369286,2.740668351134618,,,,,,,,,,
model_order,0.0,0,1,ok,0.31003591632159905,-0.013957950368264496,5.530057582248081e-05,0.00023415820165940488,329.07867043011714,0.0,1,0,0,0,0,,,0.24,0.31,-0.014,0.0,,,,,,
model_order,0.0,1,1,ok,0.3100076538454213,-0.01402227773036695,2.3555861691635564e-05,0.00023903201827048698,329.03094721032676,0.0,1,0,0,0,0,,,0.24,0.31,-0.014,0.0,,,,,,
model_order,0.0,2,1,ok,0.3100047161069925,-0.013956553132616364,4.370208176524144e-05,0.00023906294454360296,328.9827243430684,0.0,1,0,0,0,0,,,0.24,0.31,-0.014,0.0,,,,,,
model_order,0.0,3,1,ok,0.30999705913199965,-0.013969658912210591,3.0483279233705896e-05,0.0002469168228966611,329.20506865105824,0.0,1,0,0,0,0,,,0.24,0.31,-0.014,0.0,,,,,,
model_order,0.0,4,1,ok,0.31003062225758016,-0.014051983353549421,6.033234377636699e-05,0.00024680873167052457,329.04969188222094,0.0,1,0,0,0,0,,,0.24,0.31,-0.014,0.0,,,,,,
model_order,0.0,5,1,ok,0.3100117798585035,-0.013983506765023853,2.026800104451398e-05,0.0002407050135093395,329.05020255241897,0.0,1,0,0,0,0,,,0.24,0.31,-0.014,0.0,,,,,,
model_order,0.0,6,1,ok,0.3100053460698558,-0.014028117973148107,2.8621685430120837e-05,0.0002655712791540273,329.082761701276,0.0,1,0,0,0,0,,,0.24,0.31,-0.014,0.0,,,,,,
model_order,0.0,7,1,ok,0.3099496871148757,-0.013976908754489231,5.535875747133441e-05,0.0002445233282567441,329.25943716028917,0.0,1,0,0,0,0,,,0.24,0.31,-0.014,0.0,,,,,,
model_order,0.0,8,1,ok,0.3099540132105268,-0.013964967307823045,5.781067658502509e-05,0.00025342875014730445,329.30577953852355,0.0,1,0,0,0,0,,,0.24,0.31,-0.014,0.0,,,,,,
model_order,0.0,9,1,ok,0.3100138837367976,-0.014029045666722754,3.21933052486806e-05,0.00024185948776662546,329.12620478033807,0.0,1,0,0,0,0,,,0.24,0.31,-0.014,0.0,,,,,,
model_order,0.0,10,1,ok,0.31002613156554226,-0.014006576653410497,2.6946448518709595e-05,0.0002228991113375667,328.9073565494265,0.0,1,0,0,0,0,,,0.24,0.31,-0.014,0.0,,,,,,
model_order,0.0,11,1,ok,0.30997126908104067,-0.014007724708205403,2.9751249068000504e-05,0.00022932055089691268,329.39598240844697,0.0,1,0,0,0,0,,,0.24,0.31,-0.014,0.0,,,,,,
model_order,0.0,12,1,ok,0.3100314012682972,-0.014048954248896933,5.815976388995973e-05,0.0002407584823472198,329.01037062265453,0.0,1,0,0,0,0,,,0.24,0.31,-0.014,0.0,,,,,,
model_order,0.0,13,1,ok,0.3100286963460294,-0.01408429808338754,8.904856617741222e-05,0.0002836630648586953,329.17095974295137,0.0,1,0,0,0,0,,,0.24,0.31,-0.014,0.0,,,,,,
model_order,0.0,14,1,ok,0.30998994451390016,-0.014004404692996436,1.0977892379543663e-05,0.00025636999439875084,329.14144268702296,0.0,1,0,0,0,0,,,0.24,0.31,-0.014,0.0,,,,,,
model_order,0.0,15,1,ok,0.3100549257995059,-0.014029728840936784,6.245516339587728e-05,0.000248041812986553,328.8245366321915,0.0,1,0,0,0,0,,,0.24,0.31,-0.014,0.0,,,,,,
model_order,0.0,16,1,ok,0.310051503372585,-0.014036687319401048,6.323414261667961e-05,0.00025924530413821685,329.0741658307365,0.0,1,0,0,0,0,,,0.24,0.31,-0.014,0.0,,,,,,
model_order,0.0,17,1,ok,0.3100408872772996,-0.013965496081089719,5.3500372570133076e-05,0.0002580439057066245,328.8944473063359,0.0,1,0,0,0,0,,,0.24,0.31,-0.014,0.0,,,,,,
model_order,0.0,18,1,ok,0.3100233675709845,-0.013997139541518685,2.3541996441210387e-05,0.00023700919729813212,329.08268058118847,0.0,1,0,0,0,0,,,0.24,0.31,-0.014,0.0,,,,,,
model_order,0.0,19,1,ok,0.3100589505699898,-0.01401931173514667,6.203315900786489e-05,0.00024947725841522635,329.0871073881421,0.0,1,0,0,0,0,,,0.24,0.31,-0.014,0.0,,,,,,
model_order,0.0,20,1,ok,0.31003589086350086,-0.014046063605156154,5.8395289217707474e-05,0.0002647695762941,329.1525929857032,0.0,1,0,0,0,0,,,0.24,0.31,-0.014,0.0,,,,,,
model_order,0.0,21,1,ok,0.31003368967651235,-0.014038105039500615,5.086244527006307e-05,0.0002535869600716888,329.0346986233751,0.0,1,0,0,0,0,,,0.24,0.31,-0.014,0.0,,,,,,
model_order,0.0,22,1,ok,0.31006772949505046,-0.013965836211704745,7.585808414713313e-05,0.0002728930767983195,328.87979546920235,0.0,1,0,0,0,0,,,0.24,0.31,-0.014,0.0,,,,,,
model_order,0.0,23,1,ok,0.3100468869344785,-0.014019552643368972,5.080049692185171e-05,0.00024413436424308612,328.91023071190574,0.0,1,0,0,0,0,,,0.24,0.31,-0.014,0.0,,,,,,
model_order,0.0,24,1,ok,0.3100001191537763,-0.013970529357467822,2.947088340857573e-05,0.0002477305450418199,329.1006046562093,0.0,1,0,0,0,0,,,0.24,0.31,-0.014,0.0,,,,,,
model_order,0.0,25,1,ok,0.31007486076079704,-0.013965607292173495,8.2383201314054e-05,0.0002689094348177201,328.900742892548,0.0,1,0,0,0,0,,,0.24,0.31,-0.014,0.0,,,,,,
model_order,0.0,26,1,ok,0.31004179464216347,-0.013958502716247097,5.889666096173606e-05,0.0002512145925930335,329.14286477678155,0.0,1,0,0,0,0,,,0.24,0.31,-0.014,0.0,,,,,,
model_order,0.0,27,1,ok,0.3099855821481091,-0.01397707148784335,2.708488735189839e-05,0.0002511748998695333,329.0435341551285,0.0,1,0,0,0,0,,,0.24,0.31,-0.014,0.0,,,,,,
model_order,0.0,28,1,ok,0.3100296115973776,-0.013960660870241353,4.9238336988767476e-05,0.00022972585826081684,329.1126973514253,0.0,1,0,0,0,0,,,0.24,0.31,-0.014,0.0,,,,,,
model_order,0.0,29,1,ok,0.3100057060227906,-0.014037052909031093,3.748968876575586e-05,0.00023587551877874468,329.1575823562411,0.0,1,0,0,0,0,,,0.24,0.31,-0.014,0.0,,,,,,
model_order,0.0,30,1,ok,0.3100324238069259,-0.014012523932131172,3.475848287246484e-05,0.00024242633399134252,329.1416963093338,0.0,1,0,0,0,0,,,0.24,0.31,-0.014,0.0,,,,,,
model_order,0.0,31,1,ok,0.3100341273341936,-0.01398361288804322,3.785779150249708e-05,0.00023824736410405574,328.9758049815564,0.0,1,0,0,0,0,,,0.24,0.31,-0.014,0.0,,,,,,
model_order,0.0,32,1,ok,0.3100287381643192,-0.013945247626360763,6.1836110061742e-05,0.00026677324356590154,329.03042862055065,0.0,1,0,0,0,0,,,0.24,0.31,-0.014,0.0,,,,,,
model_order,0.0,33,1,ok,0.3100256114315294,-0.01402367503623324,3.487768291659527e-05,0.00024116083431768338,329.11597542180607,0.0,1,0,0,0,0,,,0.24,0.31,-0.014,0.0,,,,,,
model_order,0.0,34,1,ok,0.3100238740377621,-0.013912059162417308,9.112387499339533e-05,0.00028482069406923094,329.08829277931005,0.0,1,0,0,0,0,,,0.24,0.31,-0.014,0.0,,,,,,
model_order,0.0,35,1,ok,0.309996773782076,-0.014019437716219333,1.9703636565779347e-05,0.00023639724657157474,329.03225038629836,0.0,1,0,0,0,0,,,0.24,0.31,-0.014,0.0,,,,,,
model_order,0.0,36,1,ok,0.30999893204336826,-0.013971066393757134,2.8953308991970755e-05,0.00024250475292114443,328.9501931727033,0.0,1,0,0,0,0,,,0.24,0.31,-0.014,0.0,,,,,,
model_order,0.0,37,1,ok,0.31006675680345774,-0.013964200069033183,7.575028623790795e-05,0.0002545053184724956,328.69025568497545,0.0,1,0,0,0,0,,,0.24,0.31,-0.014,0.0,,,,,,
model_order,0.0,38,1,ok,0.3100221460474285,-0.014000119513246641,2.214636990844708e-05,0.00025014252851925843,329.0692417105372,0.0,1,0,0,0,0,,,0.24,0.31,-0.014,0.0,,,,,,
model_order,0.0,39,1,ok,0.30999425889109683,-0.013939517330316134,6.0754536155958804e-05,0.0002704714768565795,328.98724489922773,0.0,1,0,0,0,0,,,0.24,0.31,-0.014,0.0,,,,,,
model_order,0.0,0,1,ok,0.31001252428898524,-0.014042248900618516,4.406617090307439e-05,0.00022170166064650003,374.1765136291479,0.0,1,0,0,0,0,,,0.18,0.31,-0.014,0.0,,,,,,
model_order,0.0,1,1,ok,0.3100100646749167,-0.01399551549184442,1.1018552290411e-05,0.00022121335324444815,374.0702409445625,0.0,1,0,0,0,0,,,0.18,0.31,-0.014,0.0,,,,,,
model_order,0.0,2,1,ok,0.3100335070955074,-0.014088038368553485,9.41991496081724e-05,0.00023858661054148504,373.8668094343238,0.0,1,0,0,0,0,,,0.18,0.31,-0.014,0.0,,,,,,
model_order,0.0,3,1,ok,0.3100002860140926,-0.014009051687937975,9.056205529228994e-06,0.00020109408930063898,373.9979043704639,0.0,1,0,0,0,0,,,0.18,0.31,-0.014,0.0,,,,,,
model_order,0.0,4,1,ok,0.30997748360596,-0.013969511412158018,3.790174124182941e-05,0.00021755862377381585,373.9499489035363,0.0,1,0,0,0,0,,,0.18,0.31,-0.014,0.0,,,,,,
model_order,0.0,5,1,ok,0.30998663798275444,-0.014011193531248621,1.7430968036353243e-05,0.00021607161812618291,374.0643042138192,0.0,1,0,0,0,0,,,0.18,0.31,-0.014,0.0,,,,,,
model_order,0.0,6,1,ok,0.30998665584814966,-0.01399281532053634,1.5155395329729513e-05,0.0002213840279756592,374.0121762873996,0.0,1,0,0,0,0,,,0.18,0.31,-0.014,0.0,,,,,,
model_order,0.0,7,1,ok,0.3100073410062377,-0.013989952319184143,1.2443723814023498e-05,0.00021034204142394912,374.26374528262386,0.0,1,0,0,0,0,,,0.18,0.31,-0.014,0.0,,,,,,
model_order,0.0,8,1,ok,0.31001218211154147,-0.014000781362866225,1.2207144200734719e-05,0.00021528812118767676,374.1478847853855,0.0,1,0,0,0,0,,,0.18,0.31,-0.014,0.0,,,,,,
model_order,0.0,9,1,ok,0.3099698635861101,-0.013948657563314457,5.95335976315155e-05,0.00022448315823027788,374.20913452236823,0.0,1,0,0,0,0,,,0.18,0.31,-0.014,0.0,,,,,,
model_order,0.0,10,1,ok,0.31004195528115724,-0.014002472546858342,4.202807519920824e-05,0.00021756431116405113,373.91666916763097,0.0,1,0,0,0,0,,,0.18,0.31,-0.014,0.0,,,,,,
model_order,0.0,11,1,ok,0.30999776919630717,-0.014000254636912166,2.245289529874767e-06,0.00020431507812552542,374.12617019508536,0.0,1,0,0,0,0,,,0.18,0.31,-0.014,0.0,,,,,,
model_order,0.0,12,1,ok,0.3100424081504398,-0.014030206692755265,5.206626077353191e-05,0.00022803824149369786,373.6951316618019,0.0,1,0,0,0,0,,,0.18,0.31,-0.014,0.0,,,,,,
model_order,0.0,13,1,ok,0.31003891345305085,-0.014005000913879243,3.923348019189968e-05,0.00023899950413448464,373.7605358340834,0.0,1,0,0,0,0,,,0.18,0.31,-0.014,0.0,,,,,,
model_order,0.0,14,1,ok,0.309989421521247,-0.013968144044636713,3.356644313649979e-05,0.00021060389921565158,374.0531076702425,0.0,1,0,0,0,0,,,0.18,0.31,-0.014,0.0,,,,,,
model_order,0.0,15,1,ok,0.3099602661729279,-0.014008567910848355,4.064709227118743e-05,0.00021121481919469658,374.21571771579534,0.0,1,0,0,0,0,,,0.18,0.31,-0.014,0.0,,,,,,
model_order,0.0,16,1,ok,0.31003570795935925,-0.014024673225123865,4.3403069011477845e-05,0.00022413641029523363,374.03244544155297,0.0,1,0,0,0,0,,,0.18,0.31,-0.014,0.0,,,,,,
model_order,0.0,17,1,ok,0.31000507577951586,-0.013964008658391555,3.634749246467303e-05,0.0002240202271632674,373.99153629984147,0.0,1,0,0,0,0,,,0.18,0.31,-0.014,0.0,,,,,,
model_order,0.0,18,1,ok,0.31005579777010295,-0.01399948955555115,5.580010485650557e-05,0.0002300479599337396,373.8239784401408,0.0,1,0,0,0,0,,,0.18,0.31,-0.014,0.0,,,,,,
model_order,0.0,19,1,ok,0.3100464192253835,-0.014004126456007602,4.660227595716452e-05,0.00021022659936993619,373.9136163160955,0.0,1,0,0,0,0,,,0.18,0.31,-0.014,0.0,,,,,,
model_order,0.0,20,1,ok,0.31000502820265763,-0.014016191752379302,1.6954517600888227e-05,0.000208448460350741,374.26202578189424,0.0,1,0,0,0,0,,,0.18,0.31,-0.014,0.0,,,,,,
model_order,0.0,21,1,ok,0.31002781843376154,-0.01398355080541763,3.231781643851985e-05,0.00022379504940708446,373.7943054357291,0.0,1,0,0,0,0,,,0.18,0.31,-0.014,0.0,,,,,,
model_order,0.0,22,1,ok,0.31004702082134844,-0.01404940162095257,6.820174332833091e-05,0.00022286394517905206,374.09249418866114,0.0,1,0,0,0,0,,,0.18,0.31,-0.014,0.0,,,,,,
model_order,0.0,23,1,ok,0.3099389983077415,-0.014026846550256232,6.664790858727975e-05,0.00022848738516443543,374.3238802262645,0.0,1,0,0,0,0,,,0.18,0.31,-0.014,0.0,,,,,,
model_order,0.0,24,1,ok,0.3100264889383263,-0.013993401385368883,2.729845359547572e-05,0.00020841562123308357,373.98409030637777,0.0,1,0,0,0,0,,,0.18,0.31,-0.014,0.0,,,,,,
model_order,0.0,25,1,ok,0.3099862266375348,-0.014012815684682692,1.881348685078052e-05,0.00020666270188339858,374.1755796977849,0.0,1,0,0,0,0,,,0.18,0.31,-0.014,0.0,,,,,,
model_order,0.0,26,1,ok,0.3099923915427087,-0.013933706973712944,6.672820960171174e-05,0.00022293699681199394,373.9740229554898,0.0,1,0,0,0,0,,,0.18,0.31,-0.014,0.0,,,,,,
model_order,0.0,27,1,ok,0.3099979276985756,-0.014024169406493292,2.4258084084105798e-05,0.00020450537188307922,374.3163930996654,0.0,1,0,0,0,0,,,0.18,0.31,-0.014,0.0,,,,,,
model_order,0.0,28,1,ok,0.3100282486759831,-0.01397470023003326,3.792184140002715e-05,0.0002140589451054481,374.0776778283936,0.0,1,0,0,0,0,,,0.18,0.31,-0.014,0.0,,,,,,
model_order,0.0,29,1,ok,0.31002855166872983,-0.01397469894009616,3.814893733141319e-05,0.0002213014876403079,373.93013591119757,0.0,1,0,0,0,0,,,0.18,0.31,-0.014,0.0,,,,,,
model_order,0.0,30,1,ok,0.310050223809714,-0.014025192572288844,5.6188048201681746e-05,0.000218804612322149,373.9012863917276,0.0,1,0,0,0,0,,,0.18,0.31,-0.014,0.0,,,,,,
model_order,0.0,31,1,ok,0.30999450037027254,-0.01398098074186681,1.9798436985682963e-05,0.00021857682040405258,374.2395325611434,0.0,1,0,0,0,0,,,0.18,0.31,-0.014,0.0,,,,,,
model_order,0.0,32,1,ok,0.309997416758717,-0.013937570855313787,6.248256750309133e-05,0.00022979228849100456,374.0315325524221,0.0,1,0,0,0,0,,,0.18,0.31,-0.014,0.0,,,,,,
model_order,0.0,33,1,ok,0.3099894951280978,-0.014013143601056485,1.6825771376472062e-05,0.0002062169979763595,374.28019290940125,0.0,1,0,0,0,0,,,0.18,0.31,-0.014,0.0,,,,,,
model_order,0.0,34,1,ok,0.30998176103567887,-0.01396789210647347,3.692663870728492e-05,0.00022541557189609412,373.8624349282418,0.0,1,0,0,0,0,,,0.18,0.31,-0.014,0.0,,,,,,
model_order,0.0,35,1,ok,0.310004918930589,-0.013999832295440088,4.921788593485556e-06,0.00020307850457596186,374.0804134480069,0.0,1,0,0,0,0,,,0.18,0.31,-0.014,0.0,,,,,,
model_order,0.0,36,1,ok,0.310030672174091,-0.013958806614114432,5.13583226379885e-05,0.0002332016047899188,374.04188452043036,0.0,1,0,0,0,0,,,0.18,0.31,-0.014,0.0,,,,,,
model_order,0.0,37,1,ok,0.3099937837748895,-0.014018540308485664,1.9554654007878367e-05,0.0002095867790135192,373.9622286675694,0.0,1,0,0,0,0,,,0.18,0.31,-0.014,0.0,,,,,,
model_order,0.0,38,1,ok,0.3100174471672344,-0.014006206030488015,1.8518057644450117e-05,0.0002090305735522458,373.9399408465386,0.0,1,0,0,0,0,,,0.18,0.31,-0.014,0.0,,,,,,
model_order,0.0,39,1,ok,0.3100990520815644,-0.014049000470709738,0.00011050955158726508,0.0002389758557035838,374.05758216367167,0.0,1,0,0,0,0,,,0.18,0.31,-0.014,0.0,,,,,,
model_order,0.0,0,1,ok,0.3100266331344094,-0.013991238286126114,2.8037322954918795e-05,0.00021582651099688916,429.64118438043926,0.0,1,0,0,0,0,,,0.13,0.31,-0.014,0.0,,,,,,
model_order,0.0,1,1,ok,0.3100048705139252,-0.013963549329552724,3.677462823675792e-05,0.00021782528955373756,429.84058528638184,0.0,1,0,0,0,0,,,0.13,0.31,-0.014,0.0,,,,,,
model_order,0.0,2,1,ok,0.31001820145052855,-0.014036092672427062,4.0422441839535005e-05,0.00020970739551246352,430.0400449832314,0.0,1,0,0,0,0,,,0.13,0.31,-0.014,0.0,,,,,,
model_order,0.0,3,1,ok,0.31001573740129357,-0.014004215770828153,1.6292284160005106e-05,0.00019597835807449012,429.812311471053,0.0,1,0,0,0,0,,,0.13,0.31,-0.014,0.0,,,,,,
model_order,0.0,4,1,ok,0.3099892381271962,-0.013989768023151631,1.4849621425164947e-05,0.00021815977770337758,429.52075431401255,0.0,1,0,0,0,0,,,0.13,0.31,-0.014,0.0,,,,,,
model_order,0.0,5,1,ok,0.30998885478432286,-0.014027545648650877,2.971495569721316e-05,0.00022126436463572232,430.1823928200561,0.0,1,0,0,0,0,,,0.13,0.31,-0.014,0.0,,,,,,
model_order,0.0,6,1,ok,0.31002993160751346,-0.013987559718786052,3.2413912522593746e-05,0.0002147042720745911,429.5563265187482,0.0,1,0,0,0,0,,,0.13,0.31,-0.014,0.0,,,,,,
model_order,0.0,7,1,ok,0.3100078967610195,-0.013995947503321969,8.875897922136319e-06,0.00020304702173091067,429.7256599803824,0.0,1,0,0,0,0,,,0.13,0.31,-0.014,0.0,,,,,,
model_order,0.0,8,1,ok,0.3100123451127713,-0.013983977297920634,2.0226932324518622e-05,0.0002030815932884167,429.90422370388995,0.0,1,0,0,0,0,,,0.13,0.31,-0.014,0.0,,,,,,
model_order,0.0,9,1,ok,0.3100066915341444,-0.014004452492177284,8.037494372901441e-06,0.00019941598943821096,429.9074111602895,0.0,1,0,0,0,0,,,0.13,0.31,-0.014,0.0,,,,,,
model_order,0.0,10,1,ok,0.30999323252502187,-0.01401277242922567,1.4454537900063783e-05,0.00020344069075985623,430.28324953289115,0.0,1,0,0,0,0,,,0.13,0.31,-0.014,0.0,,,,,,
model_order,0.0,11,1,ok,0.30999268125199747,-0.013970156851231263,3.0727473061699235e-05,0.00019311076985136218,429.69286561767495,0.0,1,0,0,0,0,,,0.13,0.31,-0.014,0.0,,,,,,
model_order,0.0,12,1,ok,0.3100197667187168,-0.014009862852364477,2.2090699979673905e-05,0.00020976954059028692,429.79023698790746,0.0,1,0,0,0,0,,,0.13,0.31,-0.014,0.0,,,,,,
model_order,0.0,13,1,ok,0.3100161517554683,-0.013982472780242752,2.383448420099028e-05,0.00019971036382566488,429.94059119015964,0.0,1,0,0,0,0,,,0.13,0.31,-0.014,0.0,,,,,,
model_order,0.0,14,1,ok,0.31003120035041687,-0.014006988651668053,3.197347522983582e-05,0.0002032612052674698,429.7365577314376,0.0,1,0,0,0,0,,,0.13,0.31,-0.014,0.0,,,,,,
model_order,0.0,15,1,ok,0.31001113135062996,-0.014004446818014885,1.1986707525620767e-05,0.00022168051764965676,429.82757299203575,0.0,1,0,0,0,0,,,0.13,0.31,-0.014,0.0,,,,,,
model_order,0.0,16,1,ok,0.31001927665242873,-0.014006597721138648,2.0374475528994594e-05,0.00021134112228586856,429.7945863245221,0.0,1,0,0,0,0,,,0.13,0.31,-0.014,0.0,,,,,,
model_order,0.0,17,1,ok,0.30997638143587103,-0.013993100205150268,2.4605766407137256e-05,0.00021182676151486232,430.02405934034175,0.0,1,0,0,0,0,,,0.13,0.31,-0.014,0.0,,,,,,
model_order,0.0,18,1,ok,0.3099869223249269,-0.013958126360243924,4.386829483509356e-05,0.00020652591074255474,429.79889492921626,0.0,1,0,0,0,0,,,0.13,0.31,-0.014,0.0,,,,,,
model_order,0.0,19,1,ok,0.31002206658386944,-0.013994141891901502,2.2830934149979955e-05,0.00021171162076069893,429.69027668313754,0.0,1,0,0,0,0,,,0.13,0.31,-0.014,0.0,,,,,,
model_order,0.0,20,1,ok,0.3099945562548891,-0.014012626460243998,1.3749976695464502e-05,0.00019264949841630959,430.0420240864862,0.0,1,0,0,0,0,,,0.13,0.31,-0.014,0.0,,,,,,
model_order,0.0,21,1,ok,0.30997535100494855,-0.013987913156351544,2.7452955149281205e-05,0.0002193190786066072,429.97609473700953,0.0,1,0,0,0,0,,,0.13,0.31,-0.014,0.0,,,,,,
model_order,0.0,22,1,ok,0.31001120057164805,-0.013998198326259077,1.134455082900427e-05,0.00018801903688908924,429.7810734826655,0.0,1,0,0,0,0,,,0.13,0.31,-0.014,0.0,,,,,,
model_order,0.0,23,1,ok,0.3100105186102651,-0.013983910321279906,1.9222874998928036e-05,0.0001906862882937788,429.61436021878603,0.0,1,0,0,0,0,,,0.13,0.31,-0.014,0.0,,,,,,
model_order,0.0,24,1,ok,0.3099922724900373,-0.01396810070331633,3.282193685839429e-05,0.00020679367524281355,430.0100720731895,0.0,1,0,0,0,0,,,0.13,0.31,-0.014,0.0,,,,,,
model_order,0.0,25,1,ok,0.3100177149278262,-0.013980633487432897,2.624653266432501e-05,0.00021049528561251427,429.71628136971685,0.0,1,0,0,0,0,,,0.13,0.31,-0.014,0.0,,,,,,
model_order,0.0,26,1,ok,0.30998778774296604,-0.014008527032996631,1.4894613576362629e-05,0.00019925307460732567,429.845152572523,0.0,1,0,0,0,0,,,0.13,0.31,-0.014,0.0,,,,,,
model_order,0.0,27,1,ok,0.30996449486682803,-0.013990286418605644,3.680989194583062e-05,0.0002116464385925997,430.20170568442865,0.0,1,0,0,0,0,,,0.13,0.31,-0.014,0.0,,,,,,
model_order,0.0,28,1,ok,0.3100065769595628,-0.013963573177600011,3.7015804560363736e-05,0.00020347628628537235,429.63752194508817,0.0,1,0,0,0,0,,,0.13,0.31,-0.014,0.0,,,,,,
model_order,0.0,29,1,ok,0.3100029330517817,-0.013985124653226934,1.5161752351666622e-05,0.00021448506725315638,430.0973400133461,0.0,1,0,0,0,0,,,0.13,0.31,-0.014,0.0,,,,,,
model_order,0.0,30,1,ok,0.31003662612448707,-0.014000857553715867,3.663616237159734e-05,0.0002033452226420785,429.75015057425014,0.0,1,0,0,0,0,,,0.13,0.31,-0.014,0.0,,,,,,
model_order,0.0,31,1,ok,0.30997437730370986,-0.014002256619419107,2.5721875833216827e-05,0.00021605033817175326,430.0181247931538,0.0,1,0,0,0,0,,,0.13,0.31,-0.014,0.0,,,,,,
model_order,0.0,32,1,ok,0.3100064797653587,-0.014011059386775836,1.2817854538169182e-05,0.00020638245056888327,429.82056424222696,0.0,1,0,0,0,0,,,0.13,0.31,-0.014,0.0,,,,,,
model_order,0.0,33,1,ok,0.30999770632537804,-0.0140265382645947,2.6637200133829867e-05,0.00021422445866006642,430.313709725116,0.0,1,0,0,0,0,,,0.13,0.31,-0.014,0.0,,,,,,
model_order,0.0,34,1,ok,0.31000568124354355,-0.01399427917892544,8.062525780938566e-06,0.00020860747206682688,429.82618886617036,0.0,1,0,0,0,0,,,0.13,0.31,-0.014,0.0,,,,,,
model_order,0.0,35,1,ok,0.31001805560400997,-0.014031189549756289,3.6038768710443284e-05,0.0002134080176189336,429.97449360202825,0.0,1,0,0,0,0,,,0.13,0.31,-0.014,0.0,,,,,,
model_order,0.0,36,1,ok,0.3100003064094399,-0.013977171110511296,2.2830945710423458e-05,0.00019392326914511693,429.84550329915817,0.0,1,0,0,0,0,,,0.13,0.31,-0.014,0.0,,,,,,
model_order,0.0,37,1,ok,0.3099708312552061,-0.014005390629597695,2.966267958752551e-05,0.00020489605171134336,430.18140599094795,0.0,1,0,0,0,0,,,0.13,0.31,-0.014,0.0,,,,,,
model_order,0.0,38,1,ok,0.3100091089857595,-0.013996265646469433,9.844745697995947e-06,0.0002135025823342965,429.7179412605952,0.0,1,0,0,0,0,,,0.13,0.31,-0.014,0.0,,,,,,
model_order,0.0,39,1,ok,0.3100186977098721,-0.013991624196557964,2.0488007169110216e-05,0.0002060803460633419,429.7445052430207,0.0,1,0,0,0,0,,,0.13,0.31,-0.014,0.0,,,,,,
model_order,0.06,0,1,ok,0.31017152684141125,-0.016067391886190063,0.0020743570676620745,0.00313344197364317,323.44484499847164,0.0,0,0,0,0,0,,,0.24,0.30992866539142505,-0.014007300732801407,7.170723171325459e-05,,,,,,
model_order,0.06,1,1,ok,0.31030277629639813,-0.015997058288246727,0.0020246219643853297,0.0030000826114563116,323.043781618015,0.0,0,0,0,0,0,,,0.24,0.30992866539142505,-0.014007300732801407,7.170723171325459e-05,,,,,,
model_order,0.06,2,1,ok,0.3102262369151853,-0.01607235400692984,0.002086382955437845,0.0031475647082605486,323.37544869092704,0.0,0,0,0,0,0,,,0.24,0.30992866539142505,-0.014007300732801407,7.170723171325459e-05,,,,,,
model_order,0.06,3,1,ok,0.31024455374048115,-0.01605156939911926,0.002068530838338739,0.003062507977728511,323.1416754972471,0.0,0,0,0,0,0,,,0.24,0.30992866539142505,-0.014007300732801407,7.170723171325459e-05,,,,,,
model_order,0.06,4,1,ok,0.31024919586012467,-0.016045800927377764,0.002063546177010014,0.0030715027058452085,323.2715637459238,0.0,0,0,0,0,0,,,0.24,0.30992866539142505,-0.014007300732801407,7.170723171325459e-05,,,,,,
model_order,0.06,5,1,ok,0.3102151432624691,-0.01607566511533633,0.0020881093816026474,0.0030976073606609035,323.3004410734677,0.0,0,0,0,0,0,,,0.24,0.30992866539142505,-0.014007300732801407,7.170723171325459e-05,,,,,,
model_order,0.06,6,1,ok,0.310206194016584,-0.016015027352259764,0.002026817287340993,0.003040472079993126,323.2822464852078,0.0,0,0,0,0,0,,,0.24,0.30992866539142505,-0.014007300732801407,7.170723171325459e-05,,,,,,
model_order,0.06,7,1,ok,0.3101567660724459,-0.016112893301889548,0.002117911704411064,0.003154241314833156,323.6683661392367,0.0,0,0,0,0,0,,,0.24,0.30992866539142505,-0.014007300732801407,7.170723171325459e-05,,,,,,
model_order,0.06,8,1,ok,0.3101844235553792,-0.01605458395112927,0.00206319674642921,0.0030657019023127103,323.290568595371,0.0,0,0,0,0,0,,,0.24,0.30992866539142505,-0.014007300732801407,7.170723171325459e-05,,,,,,
model_order,0.06,9,1,ok,0.31023107854430626,-0.016010158117200905,0.002025559531902026,0.003010348834513563,323.1784797780334,0.0,0,0,0,0,0,,,0.24,0.30992866539142505,-0.014007300732801407,7.170723171325459e-05,,,,,,
model_order,0.06,10,1,ok,0.310170557273409,-0.016032062419452504,0.0020391595254662938,0.003039580018335167,323.36263073564066,0.0,0,0,0,0,0,,,0.24,0.30992866539142505,-0.014007300732801407,7.170723171325459e-05,,,,,,
model_order,0.06,11,1,ok,0.31021288717466844,-0.015981666123764553,0.0019947182054373264,0.0029754917921547054,323.0373736157998,0.0,0,0,0,0,0,,,0.24,0.30992866539142505,-0.014007300732801407,7.170723171325459e-05,,,,,,
model_order,0.06,12,1,ok,0.3102562055551531,-0.016038831469562097,0.0020577657041700426,0.003043153800395028,323.0470942278402,0.0,0,0,0,0,0,,,0.24,0.30992866539142505,-0.014007300732801407,7.170723171325459e-05,,,,,,
model_order,0.06,13,1,ok,0.31025842105211643,-0.016087526960030487,0.002106200358990032,0.003109006166263952,323.2728052227313,0.0,0,0,0,0,0,,,0.24,0.30992866539142505,-0.014007300732801407,7.170723171325459e-05,,,,,,
model_order,0.06,14,1,ok,0.3102107047982641,-0.016060343060275824,0.002072324546351683,0.003063936373535971,323.1274165513751,0.0,0,0,0,0,0,,,0.24,0.30992866539142505,-0.014007300732801407,7.170723171325459e-05,,,,,,
model_order,0.06,15,1,ok,0.31025704900805984,-0.016030341378484605,0.002049519273820189,0.0030385433587295724,323.148825299368,0.0,0,0,0,0,0,,,0.24,0.30992866539142505,-0.014007300732801407,7.170723171325459e-05,,,,,,
model_order,0.06,16,1,ok,0.31016187124218547,-0.01604472238379721,0.0020507247384218483,0.003063633452207355,323.29528456040896,0.0,0,0,0,0,0,,,0.24,0.30992866539142505,-0.014007300732801407,7.170723171325459e-05,,,,,,
model_order,0.06,17,1,ok,0.31019633170299765,-0.01606020464495554,0.0020702801083159303,0.003040383819037224,323.2904484220569,0.0,0,0,0,0,0,,,0.24,0.30992866539142505,-0.014007300732801407,7.170723171325459e-05,,,,,,
model_order,0.06,18,1,ok,0.31024525626772453,-0.01608411051203147,0.0021008019045263893,0.003070226314252703,323.28765056421554,0.0,0,0,0,0,0,,,0.24,0.30992866539142505,-0.014007300732801407,7.170723171325459e-05,,,,,,
model_order,0.06,19,1,ok,0.31023550528936394,-0.016069846852256018,0.0020852451217649275,0.0030960808387686615,323.3321297828991,0.0,0,0,0,0,0,,,0.24,0.30992866539142505,-0.014007300732801407,7.170723171325459e-05,,,,,,
model_order,0.06,20,1,ok,0.31024308319806465,-0.01603024519039907,0.0020472329705378337,0.003047215124513522,323.07695801917646,0.0,0,0,0,0,0,,,0.24,0.30992866539142505,-0.014007300732801407,7.170723171325459e-05,,,,,,
model_order,0.06,21,1,ok,0.3102650877612679,-0.016107586757011346,0.002127059330254391,0.0031592680208044396,323.3592362923146,0.0,0,0,0,0,0,,,0.24,0.30992866539142505,-0.014007300732801407,7.170723171325459e-05,,,,,,
model_order,0.06,22,1,ok,0.3103168770194859,-0.01609995126951768,0.0021283548898105705,0.003110127851003198,322.87879636411867,0.0,0,0,0,0,0,,,0.24,0.30992866539142505,-0.014007300732801407,7.170723171325459e-05,,,,,,
model_order,0.06,23,1,ok,0.31015227692442154,-0.016071635190223678,0.0020764100919110234,0.0031228545045849745,323.27740225318473,0.0,0,0,0,0,0,,,0.24,0.30992866539142505,-0.014007300732801407,7.170723171325459e-05,,,,,,
model_order,0.06,24,1,ok,0.31025002055167866,-0.01605792773470897,0.0020756541715743564,0.0030356170482611624,323.2678342413946,0.0,0,0,0,0,0,,,0.24,0.30992866539142505,-0.014007300732801407,7.170723171325459e-05,,,,,,
model_order,0.06,25,1,ok,0.3102498724522255,-0.016051318766557313,0.0020691021478475716,0.003090117538631567,323.22908299243187,0.0,0,0,0,0,0,,,0.24,0.30992866539142505,-0.014007300732801407,7.170723171325459e-05,,,,,,
model_order,0.06,26,1,ok,0.3101989174162953,-0.016031421733364748,0.0020420827558813594,0.0030536914467934385,323.19813898171617,0.0,0,0,0,0,0,,,0.24,0.30992866539142505,-0.014007300732801407,7.170723171325459e-05,,,,,,
model_order,0.06,27,1,ok,0.31025048794074817,-0.016026057357131192,0.0020442475538760517,0.003071430946404379,323.2916226255489,0.0,0,0,0,0,0,,,0.24,0.30992866539142505,-0.014007300732801407,7.170723171325459e-05,,,,,,
model_order,0.06,28,1,ok,0.31022745825463166,-0.016026325879712717,0.002041014384800715,0.003073678471887331,323.2600443082336,0.0,0,0,0,0,0,,,0.24,0.30992866539142505,-0.014007300732801407,7.170723171325459e-05,,,,,,
model_order,0.06,29,1,ok,0.3102113109608662,-0.01600747856014637,0.0020200494694257156,0.003028244070435484,323.2163343734959,0.0,0,0,0,0,0,,,0.24,0.30992866539142505,-0.014007300732801407,7.170723171325459e-05,,,,,,
model_order,0.06,30,1,ok,0.3101607886550198,-0.01603881009855701,0.002044727735581098,0.003074893966988672,323.3171316766323,0.0,0,0,0,0,0,,,0.24,0.30992866539142505,-0.014007300732801407,7.170723171325459e-05,,,,,,
model_order,0.06,31,1,ok,0.31019500622431034,-0.015967507709667195,0.0019782186005129327,0.0029638669692693045,323.1210319134361,0.0,0,0,0,0,0,,,0.24,0.30992866539142505,-0.014007300732801407,7.170723171325459e-05,,,,,,
model_order,0.06,32,1,ok,0.3101873443644998,-0.01600633117580268,0.0020156977757483565,0.003054855865909273,323.2914020473716,0.0,0,0,0,0,0,,,0.24,0.30992866539142505,-0.014007300732801407,7.170723171325459e-05,,,,,,
model_order,0.06,33,1,ok,0.31022047034665307,-0.016038018084789742,0.0020515757591573706,0.0030900083579759063,323.0746894369195,0.0,0,0,0,0,0,,,0.24,0.30992866539142505,-0.014007300732801407,7.170723171325459e-05,,,,,,
model_order,0.06,34,1,ok,0.3102041281535578,-0.015982717321577012,0.0019945301282586966,0.0030250186825651515,323.43698160499173,0.0,0,0,0,0,0,,,0.24,0.30992866539142505,-0.014007300732801407,7.170723171325459e-05,,,,,,
model_order,0.06,35,1,ok,0.31019627797832583,-0.016002521454629562,0.0020130877341735984,0.003039597603602338,323.05834809080403,0.0,0,0,0,0,0,,,0.24,0.30992866539142505,-0.014007300732801407,7.170723171325459e-05,,,,,,
model_order,0.06,36,1,ok,0.3101732064614836,-0.01606180347839698,0.0020690050426727187,0.003109362830213804,323.5673201302181,0.0,0,0,0,0,0,,,0.24,0.30992866539142505,-0.014007300732801407,7.170723171325459e-05,,,,,,
model_order,0.06,37,1,ok,0.3102330782869552,-0.016066373456669402,0.0020814532647028617,0.0030770493153405433,323.41201284651487,0.0,0,0,0,0,0,,,0.24,0.30992866539142505,-0.014007300732801407,7.170723171325459e-05,,,,,,
model_order,0.06,38,1,ok,0.3102295505958768,-0.016052699211894443,0.0020674106618023633,0.0030843985034850765,323.1676559485281,0.0,0,0,0,0,0,,,0.24,0.30992866539142505,-0.014007300732801407,7.170723171325459e-05,,,,,,
model_order,0.06,39,1,ok,0.31019674715160067,-0.016019837959274634,0.0020303137486800925,0.0030912523112252544,323.1839028920676,0.0,0,0,0,0,0,,,0.24,0.30992866539142505,-0.014007300732801407,7.170723171325459e-05,,,,,,
model_order,0.06,0,1,ok,0.31004744121278094,-0.014491438376026204,0.0004984946873598822,0.0007888117470568073,367.0805540965184,0.0,1,0,0,0,0,,,0.18,0.30992866539142505,-0.014007300732801407,7.170723171325459e-05,,,,,,
model_order,0.06,1,1,ok,0.3100156837263103,-0.014501712614606773,0.000502011254332531,0.0008258265474926192,367.0836525666004,0.0,1,0,0,0,0,,,0.18,0.30992866539142505,-0.014007300732801407,7.170723171325459e-05,,,,,,
model_order,0.06,2,1,ok,0.3100175210260855,-0.0145231122219435,0.0005234088422465672,0.0008287374979987889,367.3920475509393,0.0,1,0,0,0,0,,,0.18,0.30992866539142505,-0.014007300732801407,7.170723171325459e-05,,,,,,
model_order,0.06,3,1,ok,0.31009128739071223,-0.014507163801178537,0.0005256510266132464,0.0007897894715397527,366.79377927042515,0.0,1,0,0,0,0,,,0.18,0.30992866539142505,-0.014007300732801407,7.170723171325459e-05,,,,,,
model_order,0.06,4,1,ok,0.3100684264923809,-0.014520220028331155,0.0005316195717495085,0.0008174118628425193,367.0804730617356,0.0,1,0,0,0,0,,,0.18,0.30992866539142505,-0.014007300732801407,7.170723171325459e-05,,,,,,
model_order,0.06,5,1,ok,0.30998461210521294,-0.014534357028052294,0.0005300173328743647,0.0008410091274037299,367.4089297309985,0.0,1,0,0,0,0,,,0.18,0.30992866539142505,-0.014007300732801407,7.170723171325459e-05,,,,,,
model_order,0.06,6,1,ok,0.3100080822771358,-0.014562398784453551,0.0005607502908461106,0.0008393667424973939,367.2409446486922,0.0,1,0,0,0,0,,,0.18,0.30992866539142505,-0.014007300732801407,7.170723171325459e-05,,,,,,
model_order,0.06,7,1,ok,0.30999248956193415,-0.014496158355781257,0.0004930063897016792,0.0008189176667058007,367.06468222935365,0.0,1,0,0,0,0,,,0.18,0.30992866539142505,-0.014007300732801407,7.170723171325459e-05,,,,,,
model_order,0.06,8,1,ok,0.3099859847781583,-0.01450025043964733,0.0004962710202852453,0.0008253599490016092,367.3926411404411,0.0,1,0,0,0,0,,,0.18,0.30992866539142505,-0.014007300732801407,7.170723171325459e-05,,,,,,
model_order,0.06,9,1,ok,0.30999051244532705,-0.014544131440495617,0.0005403815936908139,0.0008317984430168507,367.26304164053977,0.0,1,0,0,0,0,,,0.18,0.30992866539142505,-0.014007300732801407,7.170723171325459e-05,,,,,,
model_order,0.06,10,1,ok,0.310022053807378,-0.014504209341025143,0.0005056081102603623,0.00079890916665772,367.37121336975247,0.0,1,0,0,0,0,,,0.18,0.30992866539142505,-0.014007300732801407,7.170723171325459e-05,,,,,,
model_order,0.06,11,1,ok,0.30999922614357656,-0.014465236992887914,0.00046334052061761555,0.0008044569666225632,367.20100866151193,0.0,1,0,0,0,0,,,0.18,0.30992866539142505,-0.014007300732801407,7.170723171325459e-05,,,,,,
model_order,0.06,12,1,ok,0.31008448869181027,-0.014529477196182309,0.0005449304174405463,0.0008258843046877229,367.0093572542128,0.0,1,0,0,0,0,,,0.18,0.30992866539142505,-0.014007300732801407,7.170723171325459e-05,,,,,,
model_order,0.06,13,1,ok,0.3100519382843591,-0.01456495497848178,0.0005711168565693714,0.0008675962924021117,367.36211324185996,0.0,1,0,0,0,0,,,0.18,0.30992866539142505,-0.014007300732801407,7.170723171325459e-05,,,,,,
model_order,0.06,14,1,ok,0.31004872922314575,-0.014520159529911618,0.0005267252314639845,0.0008019609714492368,366.99259283124815,0.0,1,0,0,0,0,,,0.18,0.30992866539142505,-0.014007300732801407,7.170723171325459e-05,,,,,,
model_order,0.06,15,1,ok,0.31003565316446385,-0.014506824504742296,0.0005108526033151405,0.0007977405488832415,367.1784189633594,0.0,1,0,0,0,0,,,0.18,0.30992866539142505,-0.014007300732801407,7.170723171325459e-05,,,,,,
model_order,0.06,16,1,ok,0.30999462026402463,-0.014493484285551044,0.0004906368231022682,0.0008206832549268453,367.07519219149884,0.0,1,0,0,0,0,,,0.18,0.30992866539142505,-0.014007300732801407,7.170723171325459e-05,,,,,,
model_order,0.06,17,1,ok,0.3100476522591359,-0.014542071991952558,0.00054784867828785,0.0008312859147388761,367.22464132154664,0.0,1,0,0,0,0,,,0.18,0.30992866539142505,-0.014007300732801407,7.170723171325459e-05,,,,,,
model_order,0.06,18,1,ok,0.31001987141859594,-0.014555679862998766,0.0005559120522423572,0.0008574838415928743,367.1604626892564,0.0,1,0,0,0,0,,,0.18,0.30992866539142505,-0.014007300732801407,7.170723171325459e-05,,,,,,
model_order,0.06,19,1,ok,0.309975319265615,-0.014494103008016188,0.0004890327587505967,0.0008316687976066787,367.2084826120118,0.0,1,0,0,0,0,,,0.18,0.30992866539142505,-0.014007300732801407,7.170723171325459e-05,,,,,,
model_order,0.06,20,1,ok,0.31003607589360604,-0.014515005688219415,0.0005189425187193421,0.0008384116211804386,367.00967801541003,0.0,1,0,0,0,0,,,0.18,0.30992866539142505,-0.014007300732801407,7.170723171325459e-05,,,,,,
model_order,0.06,21,1,ok,0.3100292581176864,-0.01454177503843651,0.0005438581432329715,0.0008436238431261363,367.0383948540692,0.0,1,0,0,0,0,,,0.18,0.30992866539142505,-0.014007300732801407,7.170723171325459e-05,,,,,,
model_order,0.06,22,1,ok,0.3100267498425433,-0.01451969851843218,0.0005217011120081008,0.0008083984424522553,367.11848103613244,0.0,1,0,0,0,0,,,0.18,0.30992866539142505,-0.014007300732801407,7.170723171325459e-05,,,,,,
model_order,0.06,23,1,ok,0.3100519907775604,-0.014510084930558076,0.0005176882270046826,0.0008103898755788489,366.68202378927236,0.0,1,0,0,0,0,,,0.18,0.30992866539142505,-0.014007300732801407,7.170723171325459e-05,,,,,,
model_order,0.06,24,1,ok,0.3100250092164286,-0.01456628719780998,0.0005672283496785906,0.0008799771513445751,367.11531902716257,0.0,1,0,0,0,0,,,0.18,0.30992866539142505,-0.014007300732801407,7.170723171325459e-05,,,,,,
model_order,0.06,25,1,ok,0.31002271480039506,-0.014547357251200372,0.0005481845805865208,0.0008462268971703543,367.04166607846236,0.0,1,0,0,0,0,,,0.18,0.30992866539142505,-0.014007300732801407,7.170723171325459e-05,,,,,,
model_order,0.06,26,1,ok,0.3100001424028709,-0.014549520055678262,0.0005469101912254544,0.0008552626677555056,366.9034085761076,0.0,1,0,0,0,0,,,0.18,0.30992866539142505,-0.014007300732801407,7.170723171325459e-05,,,,,,
model_order,0.06,27,1,ok,0.3100750923161111,-0.014490899839315579,0.0005052810505988849,0.0007547777107803479,366.96037646219673,0.0,1,0,0,0,0,,,0.18,0.30992866539142505,-0.014007300732801407,7.170723171325459e-05,,,,,,
model_order,0.06,28,1,ok,0.3100010453591527,-0.014552224922980209,0.0005497101352260809,0.0008492612365616237,367.2606739074005,0.0,1,0,0,0,0,,,0.18,0.30992866539142505,-0.014007300732801407,7.170723171325459e-05,,,,,,
model_order,0.06,29,1,ok,0.3100325122032576,-0.014522408564803158,0.0005254714444356918,0.0008184355792780811,367.1983637483111,0.0,1,0,0,0,0,,,0.18,0.30992866539142505,-0.014007300732801407,7.170723171325459e-05,,,,,,
model_order,0.06,30,1,ok,0.3100044693427761,-0.014501483781394918,0.0004999631231977092,0.0008295306739669136,367.2594277405424,0.0,1,0,0,0,0,,,0.18,0.30992866539142505,-0.014007300732801407,7.170723171325459e-05,,,,,,
model_order,0.06,31,1,ok,0.3099882599325945,-0.014506012561238341,0.0005022598900570362,0.000809035720635259,367.3840488311401,0.0,1,0,0,0,0,,,0.18,0.30992866539142505,-0.014007300732801407,7.170723171325459e-05,,,,,,
model_order,0.06,32,1,ok,0.3099894048224521,-0.014515177749052201,0.0005114961799635422,0.000806556711849874,367.4549374560452,0.0,1,0,0,0,0,,,0.18,0.30992866539142505,-0.014007300732801407,7.170723171325459e-05,,,,,,
model_order,0.06,33,1,ok,0.3099572580688736,-0.014511054161714186,0.0005045642261843964,0.0008219918776113765,367.240203172702,0.0,1,0,0,0,0,,,0.18,0.30992866539142505,-0.014007300732801407,7.170723171325459e-05,,,,,,
model_order,0.06,34,1,ok,0.31001788336072467,-0.014476007307535895,0.00047712231057170623,0.0007587376852485379,367.047268945569,0.0,1,0,0,0,0,,,0.18,0.30992866539142505,-0.014007300732801407,7.170723171325459e-05,,,,,,
model_order,0.06,35,1,ok,0.31000678994553194,-0.014553466528430082,0.0005517250422711511,0.000855141536992768,367.1748616540715,0.0,1,0,0,0,0,,,0.18,0.30992866539142505,-0.014007300732801407,7.170723171325459e-05,,,,,,
model_order,0.06,36,1,ok,0.3100375087955387,-0.014526695933545532,0.0005306771722762143,0.0008481536350240857,367.1354394323509,0.0,1,0,0,0,0,,,0.18,0.30992866539142505,-0.014007300732801407,7.170723171325459e-05,,,,,,
model_order,0.06,37,1,ok,0.3100134802258858,-0.014560793661483672,0.0005599535500788248,0.0009013629804824399,367.3622845719428,0.0,1,0,0,0,0,,,0.18,0.30992866539142505,-0.014007300732801407,7.170723171325459e-05,,,,,,
model_order,0.06,38,1,ok,0.3100629559432285,-0.014525270394378552,0.0005350948725394628,0.0008297434025031176,366.9072845537653,0.0,1,0,0,0,0,,,0.18,0.30992866539142505,-0.014007300732801407,7.170723171325459e-05,,,,,,
model_order,0.06,39,1,ok,0.31004244285977595,-0.014519344595133684,0.000524532391046058,0.0008132258158773648,367.1775692454548,0.0,1,0,0,0,0,,,0.18,0.30992866539142505,-0.014007300732801407,7.170723171325459e-05,,,,,,
model_order,0.06,0,1,ok,0.30993530444638817,-0.014156927868211861,0.00014977435261733538,0.00031236253872957105,422.6342104814686,0.0,1,0,0,0,0,,,0.13,0.30992866539142505,-0.014007300732801407,7.170723171325459e-05,,,,,,
model_order,0.06,1,1,ok,0.30999138106933855,-0.014113120111087516,0.00012300811793132917,0.000259464657710355,422.22398232927554,0.0,1,0,0,0,0,,,0.13,0.30992866539142505,-0.014007300732801407,7.170723171325459e-05,,,,,,
model_order,0.06,2,1,ok,0.30996804781031906,-0.014126856930927719,0.00012587557121364353,0.00031501205350333207,422.661795867946,0.0,1,0,0,0,0,,,0.13,0.30992866539142505,-0.014007300732801407,7.170723171325459e-05,,,,,,
model_order,0.06,3,1,ok,0.30995744127732405,-0.01411781316328885,0.00011419741197380182,0.00029602282553018426,422.21339521088237,0.0,1,0,0,0,0,,,0.13,0.30992866539142505,-0.014007300732801407,7.170723171325459e-05,,,,,,
model_order,0.06,4,1,ok,0.3099364419654305,-0.014151348660302786,0.00014425768790849626,0.000293167097846004,422.89875935722483,0.0,1,0,0,0,0,,,0.13,0.30992866539142505,-0.014007300732801407,7.170723171325459e-05,,,,,,
model_order,0.06,5,1,ok,0.3099429513471333,-0.014120306374242695,0.0001139050636629239,0.0003024923762667309,422.27834634153936,0.0,1,0,0,0,0,,,0.13,0.30992866539142505,-0.014007300732801407,7.170723171325459e-05,,,,,,
model_order,0.06,6,1,ok,0.309925083470736,-0.014130449009447333,0.00012320035794056918,0.00031698662343840534,422.45432782139153,0.0,1,0,0,0,0,,,0.13,0.30992866539142505,-0.014007300732801407,7.170723171325459e-05,,,,,,
model_order,0.06,7,1,ok,0.3099595005297737,-0.014118826234002013,0.00011570973673389926,0.0002879690642934652,422.30934527623754,0.0,1,0,0,0,0,,,0.13,0.30992866539142505,-0.014007300732801407,7.170723171325459e-05,,,,,,
model_order,0.06,8,1,ok,0.30994619017273695,-0.014099322647806974,9.367577489042507e-05,0.00027985941483544744,422.1495186748803,0.0,1,0,0,0,0,,,0.13,0.30992866539142505,-0.014007300732801407,7.170723171325459e-05,,,,,,
model_order,0.06,9,1,ok,0.3099397439515178,-0.014123517724765016,0.00011674383801639466,0.00030529782112804013,422.48861698315636,0.0,1,0,0,0,0,,,0.13,0.30992866539142505,-0.014007300732801407,7.170723171325459e-05,,,,,,
model_order,0.06,10,1,ok,0.3099726070717453,-0.014145554089605161,0.00014506847326994286,0.00031079049240253235,422.58476264446125,0.0,1,0,0,0,0,,,0.13,0.30992866539142505,-0.014007300732801407,7.170723171325459e-05,,,,,,
model_order,0.06,11,1,ok,0.3099346542065855,-0.014121220578078415,0.00011407715395715147,0.000301084580140587,422.587663266152,0.0,1,0,0,0,0,,,0.13,0.30992866539142505,-0.014007300732801407,7.170723171325459e-05,,,,,,
model_order,0.06,12,1,ok,0.30995920296838386,-0.01409426447136959,9.216960145444154e-05,0.00026650253072232004,422.3508140012021,0.0,1,0,0,0,0,,,0.13,0.30992866539142505,-0.014007300732801407,7.170723171325459e-05,,,,,,
model_order,0.06,13,1,ok,0.30995109542188337,-0.014132445084057753,0.00012713856581593501,0.00028615885883598183,422.4293084081589,0.0,1,0,0,0,0,,,0.13,0.30992866539142505,-0.014007300732801407,7.170723171325459e-05,,,,,,
model_order,0.06,14,1,ok,0.30997344509561886,-0.014153227255888556,0.00015264262854127407,0.0003167982518813439,422.26432364360886,0.0,1,0,0,0,0,,,0.13,0.30992866539142505,-0.014007300732801407,7.170723171325459e-05,,,,,,
model_order,0.06,15,1,ok,0.30994196211485203,-0.014160477107243467,0.00015375241312287722,0.00033175996528820873,422.78408165101933,0.0,1,0,0,0,0,,,0.13,0.30992866539142505,-0.014007300732801407,7.170723171325459e-05,,,,,,
model_order,0.06,16,1,ok,0.3099511121406201,-0.014117551352359243,0.00011251246891928126,0.0002908859801573699,422.51639750459935,0.0,1,0,0,0,0,,,0.13,0.30992866539142505,-0.014007300732801407,7.170723171325459e-05,,,,,,
model_order,0.06,17,1,ok,0.3099520264917718,-0.014142976234175908,0.00013767201125367576,0.00030483737632276263,422.323401921632,0.0,1,0,0,0,0,,,0.13,0.30992866539142505,-0.014007300732801407,7.170723171325459e-05,,,,,,
model_order,0.06,18,1,ok,0.30996337736361423,-0.014148987379199271,0.00014587675202284994,0.00030804732120014134,422.5212919980278,0.0,1,0,0,0,0,,,0.13,0.30992866539142505,-0.014007300732801407,7.170723171325459e-05,,,,,,
model_order,0.06,19,1,ok,0.30996237418851447,-0.014146465570428248,0.00014318915822408008,0.0003073285091016662,422.56704464152216,0.0,1,0,0,0,0,,,0.13,0.30992866539142505,-0.014007300732801407,7.170723171325459e-05,,,,,,
model_order,0.06,20,1,ok,0.3099606679704026,-0.01414458097144027,0.0001409610903120383,0.00029585178481425007,422.27629563336376,0.0,1,0,0,0,0,,,0.13,0.30992866539142505,-0.014007300732801407,7.170723171325459e-05,,,,,,
model_order,0.06,21,1,ok,0.30992437464799194,-0.01411354451489019,0.00010633038940837963,0.0002920964712530024,422.49351515308007,0.0,1,0,0,0,0,,,0.13,0.30992866539142505,-0.014007300732801407,7.170723171325459e-05,,,,,,
model_order,0.06,22,1,ok,0.30994380436956254,-0.014119907664896313,0.00011362002382887456,0.0002728456872149469,422.31216184900507,0.0,1,0,0,0,0,,,0.13,0.30992866539142505,-0.014007300732801407,7.170723171325459e-05,,,,,,
model_order,0.06,23,1,ok,0.3099551051152937,-0.014145825449226542,0.00014102537381236065,0.0003009870807747244,422.4272368373589,0.0,1,0,0,0,0,,,0.13,0.30992866539142505,-0.014007300732801407,7.170723171325459e-05,,,,,,
model_order,0.06,24,1,ok,0.3099506982590629,-0.014143493869551401,0.00013796382770186552,0.00032834519162353205,422.53529658736903,0.0,1,0,0,0,0,,,0.13,0.30992866539142505,-0.014007300732801407,7.170723171325459e-05,,,,,,
model_order,0.06,25,1,ok,0.31001063869677503,-0.014131583424463788,0.00014888186671602354,0.00025706920005142054,422.25426446682235,0.0,1,0,0,0,0,,,0.13,0.30992866539142505,-0.014007300732801407,7.170723171325459e-05,,,,,,
model_order,0.06,26,1,ok,0.30997008470324805,-0.014112479702778237,0.00011304059057381937,0.0002905753644425532,422.3600733933732,0.0,1,0,0,0,0,,,0.13,0.30992866539142505,-0.014007300732801407,7.170723171325459e-05,,,,,,
model_order,0.06,27,1,ok,0.3099916096194551,-0.014140507186639865,0.0001473293425849586,0.0002789576915991138,422.3860491476119,0.0,1,0,0,0,0,,,0.13,0.30992866539142505,-0.014007300732801407,7.170723171325459e-05,,,,,,
model_order,0.06,28,1,ok,0.30995057064639575,-0.014106186425058424,0.00010128287282892849,0.00025850668649411224,422.4888312586341,0.0,1,0,0,0,0,,,0.13,0.30992866539142505,-0.014007300732801407,7.170723171325459e-05,,,,,,
model_order,0.06,29,1,ok,0.30995198481874214,-0.014131625972455108,0.00012649332356036574,0.00030497856469927564,422.64453787661563,0.0,1,0,0,0,0,,,0.13,0.30992866539142505,-0.014007300732801407,7.170723171325459e-05,,,,,,
model_order,0.06,30,1,ok,0.3099738155636739,-0.014144261745512102,0.00014421115441200206,0.00027962338630271546,422.4976094826096,0.0,1,0,0,0,0,,,0.13,0.30992866539142505,-0.014007300732801407,7.170723171325459e-05,,,,,,
model_order,0.06,31,1,ok,0.3099624134322688,-0.01411002929752841,0.00010812996010201325,0.0002577713018363149,422.27766863550085,0.0,1,0,0,0,0,,,0.13,0.30992866539142505,-0.014007300732801407,7.170723171325459e-05,,,,,,
model_order,0.06,32,1,ok,0.30996655964430636,-0.014116108889278863,0.00011521800778287758,0.0002623823511990567,422.3465686501724,0.0,1,0,0,0,0,,,0.13,0.30992866539142505,-0.014007300732801407,7.170723171325459e-05,,,,,,
model_order,0.06,33,1,ok,0.309937191001348,-0.014123651277277478,0.00011666248422023318,0.00029511732912627117,422.4977699546713,0.0,1,0,0,0,0,,,0.13,0.30992866539142505,-0.014007300732801407,7.170723171325459e-05,,,,,,
model_order,0.06,34,1,ok,0.30996347023842086,-0.014091807049488534,9.13930792479748e-05,0.0002632140116048975,422.18941267866927,0.0,1,0,0,0,0,,,0.13,0.30992866539142505,-0.014007300732801407,7.170723171325459e-05,,,,,,
model_order,0.06,35,1,ok,0.3099688012546351,-0.014124974604585486,0.0001243303165614576,0.0002757511853475245,422.1805352785305,0.0,1,0,0,0,0,,,0.13,0.30992866539142505,-0.014007300732801407,7.170723171325459e-05,,,,,,
model_order,0.06,36,1,ok,0.309937991143197,-0.014138191853616408,0.00013122292160411188,0.000280096203433339,422.6433699308187,0.0,1,0,0,0,0,,,0.13,0.30992866539142505,-0.014007300732801407,7.170723171325459e-05,,,,,,
model_order,0.06,37,1,ok,0.3099300012512191,-0.01413793056174411,0.0001306366592155096,0.00032060345329316996,422.8434702027217,0.0,1,0,0,0,0,,,0.13,0.30992866539142505,-0.014007300732801407,7.170723171325459e-05,,,,,,
model_order,0.06,38,1,ok,0.3099686098872142,-0.014125223655418354,0.00012450453173427749,0.00029477725904335743,422.23482321632576,0.0,1,0,0,0,0,,,0.13,0.30992866539142505,-0.014007300732801407,7.170723171325459e-05,,,,,,
model_order,0.06,39,1,ok,0.309951693289787,-0.014097597161854682,9.318652908409835e-05,0.00027319917144465254,422.34612101077806,0.0,1,0,0,0,0,,,0.13,0.30992866539142505,-0.014007300732801407,7.170723171325459e-05,,,,,,
weak_field,0.036,0,1,ok,0.3099588406409954,-0.01397727072891364,4.701821559553483e-05,0.00038224829171011154,355.12682008233065,7.667228169420938e-05,1,1,0,1,1,,,,,,,0.02592,0.31542877244718576,-0.014102946553069548,0.04079214390637209,420.6280385420823,1
weak_field,0.024,0,1,ok,0.310060815751024,-0.013969265041190303,6.814098080926408e-05,0.00044276753494506594,644.5146209324248,0.00018157162126453922,1,1,0,1,1,,,,,,,0.01728,0.3128309029436915,-0.014058790021485298,0.019473002405007274,197.93257671238447,1
weak_field,0.016,0,1,ok,0.310187064809702,-0.013891427248375146,0.00021628981812427673,0.00046329298365646056,1410.4474962509346,0.00026962216351494243,1,1,0,1,1,,,,,,,0.011519999999999999,0.31155763816217524,-0.013859411938313283,0.008844180422262059,90.33983909232583,1
weak_field,0.01,0,1,ok,0.31035696073385716,-0.01354786816779489,0.0005760591629416125,0.0007074569683121693,3594.807906198332,0.0023401296627812997,1,1,0,1,1,,,,,,,0.0072,0.31477442495851665,-0.013725112477914577,0.003359185489835061,34.484282548994365,1
weak_field,0.0065,0,1,ok,0.3148636427006629,-0.012316934893541714,0.005146623016336938,0.0011047739434428474,8016.044735444437,0.014288101847474642,0,0,0,1,1,,,,,,,0.004679999999999999,0.33317439333295756,-0.01278741936946827,0.001395361789871232,15.326550375445825,1
weak_field,0.004,0,1,ok,0.33647343376977523,-0.009247817951158787,0.026896578402986586,0.0008208397029333022,17068.694482808332,0.04623315427075381,0,0,0,1,1,,,,,,,0.0028799999999999997,0.3868242149052311,-0.003984895181112864,0.00023878887505255115,8.294611007533526,0
weak_field,0.036,1,1,ok,0.3100073911780123,-0.014002806901877659,7.906213414791827e-06,0.000385175870237404,354.9678241486068,5.691740187553304e-05,1,1,0,1,1,,,,,,,0.02592,0.3154057361938808,-0.014178181402150242,0.04094870784770507,420.0470795306887,1
weak_field,0.024,1,1,ok,0.31003176187920745,-0.01395774176397801,5.2863744499219305e-05,0.0004216719510686839,646.2685205619633,0.00015458644514486833,1,1,0,1,1,,,,,,,0.01728,0.3125343072269763,-0.014176389571728693,0.01964546671838152,197.93665591518516,1
weak_field,0.016,1,1,ok,0.31006472910731947,-0.013833526326843,0.00017861506428283066,0.0004447175610745808,1419.144965527529,0.0006824435435982761,1,1,0,1,1,,,,,,,0.011519999999999999,0.31216166171321125,-0.013854592675615313,0.008716058619820149,88.92659481690023,1
weak_field,0.01,1,1,ok,0.31047390053227797,-0.014092752245837278,0.0004828920102892602,0.0006305342544813825,3623.388835017569,0.0023004488880150127,1,1,0,1,1,,,,,,,0.0072,0.3143999144007235,-0.013579032572099206,0.003404402594765654,35.32167453731251,1
weak_field,0.0065,1,1,ok,0.3147270056861491,-0.013118281588769012,0.004808535131782809,0.0011229448916343981,8282.118537018303,0.012977574931208232,0,0,0,1,1,,,,,,,0.004679999999999999,0.3319789739467306,-0.011499920207659275,0.0012082924160556638,14.763032223800161,1
weak_field,0.004,1,1,ok,0.326490488306789,-0.009959428398089304,0.016978292713536076,0.0007348600759358912,19536.05087860244,0.04879221522324321,0,0,0,1,1,,,,,,,0.0028799999999999997,0.38379334722876185,-0.007054891957501791,0.0002762127577296737,5.474811694532638,0
weak_field,0.036,2,1,ok,0.3099896966561932,-0.013998882408135339,1.0363778518339629e-05,0.00036990814018137796,354.93719754725527,3.064118062679898e-05,1,1,0,1,1,,,,,,,0.02592,0.31539296916157583,-0.01415573490754504,0.04097274134248723,420.9787517532728,1
weak_field,0.024,2,1,ok,0.31008658365169617,-0.013956818470442575,9.675418975921698e-05,0.00042068931107047675,644.8400469051389,0.00012476856479687432,1,1,0,1,1,,,,,,,0.01728,0.3125352941223301,-0.013985197305495497,0.01940656599331185,198.20024514349646,1
weak_field,0.016,2,1,ok,0.31017862594727225,-0.01402104931577921,0.0001798618990605876,0.0005475443776742632,1415.716594974681,0.0008272912786063649,1,1,0,1,1,,,,,,,0.011519999999999999,0.31208770570284405,-0.013978631728475582,0.008826795492518656,89.28507873428183,1
weak_field,0.01,2,1,ok,0.3110464361080919,-0.014419443397688685,0.0011273691907193347,0.0007788171605785967,3586.349157698061,0.0033613109228725446,1,1,0,1,1,,,,,,,0.0072,0.3148788143959008,-0.013449796678961911,0.003323164108471421,34.808684408012766,1
weak_field,0.0065,2,1,ok,0.31465094315075837,-0.013627711240902219,0.004665819446971427,0.001046544422597029,8139.489431585195,0.011935795382386831,1,1,0,1,1,,,,,,,0.004679999999999999,0.32892878344850807,-0.01075736338796427,0.0012181283823165696,15.919789631751605,1
weak_field,0.004,2,1,ok,0.3301724041634147,-0.00903683941963689,0.020773994624978153,0.0007492730723584329,18433.769537157044,0.047364430307138085,0,0,0,1,1,,,,,,,0.0028799999999999997,0.3834553698280804,-0.0075229161814101,0.00031039493754179547,5.781272726204505,0
weak_field,0.036,3,1,ok,0.30996617381898184,-0.014045108719108778,5.6382684060870404e-05,0.0003916960212545951,355.2346268410242,0.0001584145245367115,1,1,0,1,1,,,,,,,0.02592,0.3153766856197725,-0.014140139049734369,0.04092221003223822,420.94791776911615,1
weak_field,0.024,3,1,ok,0.3100920967962294,-0.01393092057823732,0.00011512509017058865,0.0004012299547742544,644.130353184887,9.044508014103527e-05,1,1,1,0,1,,,,,,,0.01728,0.31260959922919573,-0.014073685666760344,0.019522443255949925,198.16320171188664,1
weak_field,0.016,3,1,ok,0.3102066433109051,-0.01405712566935214,0.00021439402986264783,0.0005533321556732042,1414.996442977814,0.0006509595510353109,1,1,0,1,1,,,,,,,0.011519999999999999,0.31186270709700115,-0.013811764969230294,0.008816493479892724,90.31925666901664,1
weak_field,0.01,3,1,ok,0.3110598069623216,-0.01355115142162321,0.0011509369416680567,0.0006953956590305466,3586.698265164788,0.0019288621050780486,1,1,0,1,1,,,,,,,0.0072,0.31469006584243236,-0.013169569958869639,0.0033946924838961384,36.320548812915575,1
weak_field,0.0065,3,1,ok,0.31482849335843793,-0.011907356189533124,0.005262461993208557,0.0011616672026257412,8062.521991410722,0.013093130981297487,0,0,0,1,1,,,,,,,0.004679999999999999,0.3312129370843596,-0.012106314192454556,0.001288152885444374,14.959943909946574,1
weak_field,0.004,3,1,ok,0.3283066709339636,-0.00888899914449755,0.01900674960190128,0.0008069799434868481,17461.624500285245,0.046285288280146844,0,0,0,1,1,,,,,,,0.0028799999999999997,0.3852197488759399,-0.006618275387699758,0.0003523756442477966,7.438605620397507,0
weak_field,0.036,4,1,ok,0.30999412510396074,-0.013957340486596748,4.3062146802898724e-05,0.00040620959233032036,354.9701000691283,6.536113065299443e-05,1,1,0,1,1,,,,,,,0.02592,0.3153202046683938,-0.014253555310138439,0.04110883442442069,419.59639185183204,1
weak_field,0.024,4,1,ok,0.31007806643343516,-0.013971750791958925,8.302039378511095e-05,0.00038482564065387304,644.3959300236479,5.419145420463865e-05,1,1,1,0,1,,,,,,,0.01728,0.31260144434029374,-0.01397332398192118,0.01944635574680129,198.80423396877555,1
weak_field,0.016,4,1,ok,0.31031500465597484,-0.014123881383580901,0.0003384885972728536,0.0004612437768805967,1411.15061498166,0.00022786699313209822,1,1,1,0,1,,,,,,,0.011519999999999999,0.31203484985816177,-0.013940758690712929,0.00887311671475663,90.01358716407478,1
weak_field,0.01,4,1,ok,0.31148658845012056,-0.014355696058495326,0.0015285499357433395,0.0007167430349814578,3586.7013783593534,0.001819811054504129,1,1,0,1,1,,,,,,,0.0072,0.314756502913264,-0.013355511990106171,0.0033817217336600098,35.67673750819773,1
weak_field,0.0065,4,1,ok,0.3150897835148309,-0.01243783273787394,0.005324120845989783,0.0013176033935368445,8125.781414581293,0.019466364078085233,0,0,0,1,1,,,,,,,0.004679999999999999,0.3364559621790985,-0.01106460524563719,0.0011186311080871266,14.19098062572,1
weak_field,0.004,4,1,ok,0.32892949449283204,-0.009199813225803493,0.01952863422826414,0.0007972844180728801,18552.444333776573,0.05017313726151951,0,0,0,1,1,,,,,,,0.0028799999999999997,0.39492073757943463,-0.0054007144019090495,0.0003264911620266197,8.431018953509968,0
weak_field,0.036,5,1,ok,0.3100205713585727,-0.014009133850262144,2.2507954463649138e-05,0.00038948276716217604,355.0443991723161,2.780255789701936e-05,1,1,0,1,1,,,,,,,0.02592,0.3153908578048191,-0.01421929216080038,0.04106967493307396,420.09742039794537,1
weak_field,0.024,5,1,ok,0.3100994144559451,-0.013964171877816367,0.00010567349899601816,0.0004103998666853575,643.8687755638396,0.00013527318958911333,1,1,0,1,1,,,,,,,0.01728,0.31257439533755615,-0.01400612279162753,0.01946134380520458,198.48066112901188,1
weak_field,0.016,5,1,ok,0.31025804200332835,-0.013926489095559597,0.0002683086442017012,0.000511274370774573,1411.269674090315,0.0004270492732576661,1,1,0,1,1,,,,,,,0.011519999999999999,0.31159520856476197,-0.014115083127905418,0.00899936414535515,90.25676605900959,1
weak_field,0.01,5,1,ok,0.3107684695054718,-0.013289976800268688,0.001046268763271083,0.0007030505003461873,3574.8052035088494,0.0023597245452767865,1,1,0,1,1,,,,,,,0.0072,0.3135326014879241,-0.012973014028455328,0.003291871108025777,35.72441315003034,1
weak_field,0.0065,5,1,ok,0.31614920988099376,-0.01349036493234455,0.006170292542715909,0.0011632346278956634,8244.020118710841,0.011991789308453144,1,1,0,1,1,,,,,,,0.004679999999999999,0.3339351709089238,-0.01280818910793585,0.0012460263754217322,13.681554388730264,1
weak_field,0.004,5,1,ok,0.327853790245773,-0.008167198726509063,0.018782422549716432,0.0007673279806601515,18351.3280147382,0.055529259526655446,0,0,0,1,1,,,,,,,0.0028799999999999997,0.3887921826919247,-0.005733715237106318,0.00022362488869951522,5.453000342992809,0
weak_field,0.036,6,1,ok,0.3100265852326655,-0.01400866604616061,2.7962026964040268e-05,0.0003863037628879709,354.83501651399314,3.95107992573622e-05,1,1,0,1,1,,,,,,,0.02592,0.3153931736234016,-0.01414802043386766,0.04096231656782104,421.10012606199416,1
weak_field,0.024,6,1,ok,0.31010025079661974,-0.013967198612745979,0.00010548058223521735,0.000403481384552154,644.4603363107367,9.363869140835948e-05,1,1,1,0,1,,,,,,,0.01728,0.3126013498545174,-0.01401902654099896,0.019396857644775202,197.65222973879148,1
weak_field,0.016,6,1,ok,0.30995375264663505,-0.014185274597328365,0.00019095940434670934,0.0004942819012718068,1415.6457656616592,0.000822936828110361,1,1,0,1,1,,,,,,,0.011519999999999999,0.3118678638241378,-0.01359739935273633,0.008734569425054824,90.88762757821053,1
weak_field,0.01,6,1,ok,0.31113794370444575,-0.0134019333959573,0.0012855347281808044,0.00084196614281433,3587.9921569390362,0.0037605859718466573,1,1,0,1,1,,,,,,,0.0072,0.31599773335486764,-0.013462132207076094,0.0033229392244521322,34.77452181256005,1
weak_field,0.0065,6,1,ok,0.3156596932988479,-0.012592622766383677,0.005832052718788256,0.0011677887378422351,8210.80896831042,0.01185487303199601,1,1,0,1,1,,,,,,,0.004679999999999999,0.32901402554239023,-0.010567072086636802,0.0011496306450636837,15.298154140850437,1
weak_field,0.004,6,1,ok,0.3304981874174207,-0.00966228752126867,0.020952122492669954,0.0007995494656435779,17396.933783324963,0.052177825145527094,0,0,0,1,1,,,,,,,0.0028799999999999997,0.3952936960370512,-0.004953588094157959,0.0002471954334702803,6.96521002030563,0
weak_field,0.036,7,1,ok,0.3100010975248736,-0.013996010076172842,4.138121916362995e-06,0.00038953185269606267,354.9620128139576,1.4275365602852895e-05,1,1,0,1,1,,,,,,,0.02592,0.31534817740367066,-0.014141908146014869,0.040961299284940904,421.34161818421427,1
weak_field,0.024,7,1,ok,0.3100373235671218,-0.014002634197579703,3.741640896166375e-05,0.0004259717738300767,644.7900442558819,0.00015277567724638843,1,1,0,1,1,,,,,,,0.01728,0.31267097344744155,-0.014077573489658041,0.01952017042831234,198.10750627530842,1
weak_field,0.016,7,1,ok,0.3100698874814545,-0.014120210465557162,0.00013904968929673842,0.0004683623184489821,1411.002267369676,0.0007201547199313914,1,1,0,1,1,,,,,,,0.011519999999999999,0.31194773235329504,-0.013565866046424598,0.008745240569411516,91.18885512635724,1
weak_field,0.01,7,1,ok,0.31144153816350506,-0.014192169565917415,0.001454290692711205,0.0007105041050937219,3605.7699353370595,0.002390062093046445,1,1,0,1,1,,,,,,,0.0072,0.31479790395168455,-0.014053665331413352,0.0034943658005953384,35.03279196764635,1
weak_field,0.0065,7,1,ok,0.31621851710842386,-0.013140413133087295,0.006277646422786891,0.0012034289211094293,8445.815711867883,0.015248773220400835,0,0,0,1,1,,,,,,,0.004679999999999999,0.33556675730402424,-0.010482474336768403,0.0010632166548934206,14.263800224916817,1
weak_field,0.004,7,1,ok,0.3325542387277146,-0.009101686839287904,0.02308001638663082,0.0007681710252847689,17515.696020599997,0.03805370235466283,0,0,0,1,1,,,,,,,0.0028799999999999997,0.37511070367771215,-0.006140236219340702,0.0003052401857994957,6.9741642800457395,1
weak_field,0.036,8,1,ok,0.3099854802992319,-0.014001948963400797,1.4649920434351585e-05,0.0004001903239096897,355.0460685115837,8.057055467624766e-05,1,1,0,1,1,,,,,,,0.02592,0.3153243364661417,-0.014113732359211484,0.040953484859947334,422.1358588934965,1
weak_field,0.024,8,1,ok,0.31000169241135644,-0.013950407256493245,4.962161287913029e-05,0.0003958561551147818,645.5694976758505,7.953731994782279e-05,1,1,0,1,1,,,,,,,0.01728,0.31249206526555545,-0.014072546590722164,0.0195802837893415,198.71346392151474,1
weak_field,0.016,8,1,ok,0.3101352092379544,-0.013803466136347529,0.0002385520856969786,0.0004994603980687236,1410.4173151220998,0.0005754561703995537,1,1,0,1,1,,,,,,,0.011519999999999999,0.3118011189568865,-0.014101464540633244,0.008942669804020547,89.74474140357944,1
weak_field,0.01,8,1,ok,0.3106115347833212,-0.013933854252175186,0.000615101659213356,0.0008173228830032722,3584.9566502356383,0.0036854963899527575,1,1,0,1,1,,,,,,,0.0072,0.31537374196826296,-0.013382372451766829,0.003339545936494262,35.1078693157147,1
weak_field,0.0065,8,1,ok,0.3145776306994787,-0.01331497277128994,0.004628602934459166,0.0012022965463024486,8281.847216216449,0.012705970882014151,0,0,0,1,1,,,,,,,0.004679999999999999,0.33308338515153757,-0.012618373730854676,0.0012242621145303562,13.631730757084716,1
weak_field,0.004,8,1,ok,0.33254499270778953,-0.008778957440299825,0.02314165036475324,0.0007738978407341654,18289.731107962016,0.039865481352499316,0,0,0,1,1,,,,,,,0.0028799999999999997,0.38150293566724564,-0.0061938718218507655,0.0003197997348359294,7.249994437467148,0
weak_field,0.036,9,1,ok,0.3100199468580314,-0.013995421869843852,2.0465493423128594e-05,0.00044979745589719737,354.7992010648862,0.0001228973980547882,1,1,0,1,1,,,,,,,0.02592,0.3153704963605253,-0.014032868366790748,0.04070916678561055,421.95829251926466,1
weak_field,0.024,9,1,ok,0.310011360168036,-0.01407476192425242,7.562009478789587e-05,0.00043554346592927486,645.1281871843325,0.0002578582579282863,1,1,0,1,1,,,,,,,0.01728,0.31255650357486275,-0.013994304707866584,0.019433188696450134,198.352866386899,1
weak_field,0.016,9,1,ok,0.3100717588759134,-0.01387649968215556,0.00014283439634775967,0.00044056192557095415,1410.6712469427823,0.00011561092554689521,1,1,1,0,1,,,,,,,0.011519999999999999,0.3114710111652562,-0.01416828057895203,0.008993429611062928,89.8674560970855,1
weak_field,0.01,9,1,ok,0.3106760592735101,-0.01337745333684444,0.0009190323656461397,0.0007133624209367059,3613.0939204769656,0.002779236177331016,1,1,0,1,1,,,,,,,0.0072,0.3149347953457298,-0.01318385505153033,0.003290377097191639,35.15703526242218,1
weak_field,0.0065,9,1,ok,0.31480434200013374,-0.0127884146525523,0.004954759440013114,0.0012078549415429252,8265.694821973546,0.014014429752358656,0,0,0,1,1,,,,,,,0.004679999999999999,0.331618035384188,-0.012844976583090298,0.0012973820219914437,14.182499699612263,1
weak_field,0.004,9,1,ok,0.33155122288059763,-0.008770863236377418,0.022176543439902083,0.0007876240475125707,17409.494972404875,0.04011409956890073,0,0,0,1,1,,,,,,,0.0028799999999999997,0.37757226627347784,-0.004085695322004229,0.0002447440728091996,8.372647343311316,1
weak_field,0.036,10,1,ok,0.31001755427963185,-0.01402009500295213,2.668261375951043e-05,0.0004056295877068871,354.97231444253185,3.053658367753563e-05,1,1,0,1,1,,,,,,,0.02592,0.31538259236727717,-0.014173998304552965,0.04102108214484787,420.9504845502932,1
weak_field,0.024,10,1,ok,0.31006753966603134,-0.014029541827910783,7.371788171085844e-05,0.0004339669324208017,645.2016261905446,7.186653417564426e-05,1,1,1,0,1,,,,,,,0.01728,0.31261007008514646,-0.014018788983621779,0.01947494053395138,198.45471670655837,1
weak_field,0.016,10,1,ok,0.31004802631369316,-0.013892722217751874,0.0001175374381677193,0.00048346547147940536,1409.1134197070367,0.0007762077680495149,1,1,0,1,1,,,,,,,0.011519999999999999,0.3120552907953785,-0.01405062824579877,0.00888428525726691,89.41750241386009,1
weak_field,0.01,10,1,ok,0.31067290891306504,-0.013307902746978234,0.0009653004780495283,0.000643612881652808,3571.5964037226427,0.0023613118171195457,1,1,0,1,1,,,,,,,0.0072,0.3141316851734954,-0.013222139096408356,0.003355664241386743,35.735805290707454,1
weak_field,0.0065,10,1,ok,0.31610602780426866,-0.012992111922623676,0.006188652027947553,0.0011055386593823253,8074.334404803747,0.011317261441732859,1,1,0,1,1,,,,,,,0.004679999999999999,0.3327392589724397,-0.012430613445811598,0.0012326188453841106,13.944387433661628,1
weak_field,0.004,10,1,ok,0.3309096292287209,-0.008917295800169225,0.021518514736513703,0.0007849700965297559,17758.366994404205,0.04176038246988266,0,0,0,1,1,,,,,,,0.0028799999999999997,0.3801186572731972,-0.005013727096596424,0.0002496312150594461,6.963487298251857,0
weak_field,0.036,11,1,ok,0.3099916633647608,-0.014007618166020022,1.1293181155899037e-05,0.00040693797431728105,354.8368122154106,7.805812163679526e-05,1,1,0,1,1,,,,,,,0.02592,0.3153410564859508,-0.014212715253420825,0.04108265229680716,420.50066200443166,1
weak_field,0.024,11,1,ok,0.3101515808404596,-0.014060208393048852,0.00016310058794485134,0.00042135248398980857,645.3626814653229,0.00020169070817818631,1,1,0,1,1,,,,,,,0.01728,0.31268726696270777,-0.014120243380970341,0.01951632343428629,197.4754224363774,1
weak_field,0.016,11,1,ok,0.3101148047376308,-0.014049031716315311,0.0001248368414663919,0.0004372252833608575,1412.8684412588095,0.00046895373221040167,1,1,0,1,1,,,,,,,0.011519999999999999,0.3116495879340418,-0.014068234873102521,0.00891385225255533,89.69068478478096,1
weak_field,0.01,11,1,ok,0.311028946604524,-0.01332778223907714,0.001229067871625342,0.0008201647342965231,3578.374788331126,0.003085148897367525,1,1,0,1,1,,,,,,,0.0072,0.3155395309622167,-0.013499493013745523,0.0033660093604727446,35.085372012380084,1
weak_field,0.0065,11,1,ok,0.31358798142238675,-0.012040834109487317,0.004088024177269605,0.0012731644003259243,8111.938194831367,0.015946983103675587,0,0,0,1,1,,,,,,,0.004679999999999999,0.3358741345946774,-0.010632641976935534,0.0011122641333667328,14.712306942533008,1
weak_field,0.004,11,1,ok,0.3348048790039674,-0.007753159384849423,0.025579387015183863,0.0007912793773416293,18255.16703812246,0.04602512937514351,0,0,0,1,1,,,,,,,0.0028799999999999997,0.39032247335013054,-0.004573531452909124,0.00025164786500562217,7.6491164719395,0
weak_field,0.036,12,1,ok,0.30996003608612194,-0.01398216121928525,4.3764557690464565e-05,0.00037082192271251123,355.2259939275958,7.422605800248083e-05,1,1,0,1,1,,,,,,,0.02592,0.31543959976165553,-0.014147203417297268,0.040837634010568585,419.7728487271528,1
weak_field,0.024,12,1,ok,0.3101197573359744,-0.013927008181409694,0.00014024844063592522,0.00042994760616077746,646.1117627588843,0.00022183194524099748,1,1,0,1,1,,,,,,,0.01728,0.31264800219767286,-0.014267259691692166,0.019635587818915706,196.62327358433726,1
weak_field,0.016,12,1,ok,0.31021863760926977,-0.014028989258187578,0.00022055108541438974,0.0005015980821983658,1405.717982962689,0.0007254711613227837,1,1,0,1,1,,,,,,,0.011519999999999999,0.3119670065846017,-0.013991811319021875,0.008961531103429182,90.59914769410597,1
weak_field,0.01,12,1,ok,0.3109075489107992,-0.013698206423635801,0.0009564122480538909,0.0007531699125827719,3585.0361046168255,0.0034050250258690715,1,1,0,1,1,,,,,,,0.0072,0.31580486537838875,-0.014822528901403917,0.003610242202838365,34.304187911758504,1
weak_field,0.0065,12,1,ok,0.31393184932102386,-0.013023455712408299,0.004051305694324212,0.0012671576820612656,8271.078877297527,0.014572587637809402,0,0,0,1,1,,,,,,,0.004679999999999999,0.3345932458683361,-0.013442987025067844,0.0013368277865828109,13.978482171659827,1
weak_field,0.004,12,1,ok,0.3322258033199831,-0.011754399801757994,0.022338958200169397,0.0007402395277648294,18619.34935952846,0.04238819551049438,0,0,0,1,1,,,,,,,0.0028799999999999997,0.3798178764466671,-0.0071167055490025406,0.00029695775888947143,5.861919422212274,1
weak_field,0.036,13,1,ok,0.3099920785323635,-0.013974066156971538,2.71166713248718e-05,0.00038978443702203814,354.9009154381638,8.37423878497161e-05,1,1,0,1,1,,,,,,,0.02592,0.31532812469847454,-0.014209524096565753,0.04105896942372567,420.37145521268565,1
weak_field,0.024,13,1,ok,0.31008173532584166,-0.013970431593387971,8.691923929727191e-05,0.00042955915336072916,644.8071706412359,0.00011833568947388873,1,1,0,1,1,,,,,,,0.01728,0.3125555050274625,-0.013952701559937877,0.019405220251034055,198.6569306584909,1
weak_field,0.016,13,1,ok,0.31019670761886253,-0.013752685098824328,0.0003160040310852078,0.0004297817976203029,1408.9857797118611,0.0003227720347958432,1,1,0,1,1,,,,,,,0.011519999999999999,0.31170128471199354,-0.013965763229732187,0.008925087817734902,90.45520380491246,1
weak_field,0.01,13,1,ok,0.31100245615119554,-0.013390122977544524,0.0011734003228178076,0.0006863590659470478,3594.290473593441,0.0032697330440645774,1,1,0,1,1,,,,,,,0.0072,0.3160128261438637,-0.015021405960906793,0.003661969304788725,34.346212060105685,1
weak_field,0.0065,13,1,ok,0.31549638414543757,-0.01335279194932699,0.0055343578611319905,0.0012501541662114498,8311.984528119594,0.011161344554029663,1,1,0,1,1,,,,,,,0.004679999999999999,0.3310995720362751,-0.01210742237881945,0.0013071306261248942,15.182253295268474,1
weak_field,0.004,13,1,ok,0.3329696829225014,-0.00929079946934776,0.023447449822915665,0.0008040553425793692,17666.786091419355,0.04928344778752029,0,0,0,1,1,,,,,,,0.0028799999999999997,0.3857358918792984,-0.005130825229760181,0.00027054054253076754,7.388962073381188,0
weak_field,0.036,14,1,ok,0.31006128701963986,-0.014000619358576164,6.129014913820345e-05,0.000400010502495001,354.81136356776534,6.652286376064307e-05,1,1,0,1,1,,,,,,,0.02592,0.3154001895211019,-0.014111465604973042,0.04083004291086385,420.8130230228306,1
weak_field,0.024,14,1,ok,0.3100843630202292,-0.013963674483044317,9.18513057298983e-05,0.00041734218844574524,643.7799970751755,7.499519993141369e-05,1,1,1,0,1,,,,,,,0.01728,0.312474499039346,-0.013975356862429494,0.01945706566089816,198.82516258054852,1
weak_field,0.016,14,1,ok,0.3102603138271443,-0.013715730690727304,0.0003854508124221471,0.0004891551708699453,1407.6599737643764,0.00033452135441071264,1,1,1,0,1,,,,,,,0.011519999999999999,0.31146230287448856,-0.013768487084668098,0.00889588639311406,91.47417567520493,1
weak_field,0.01,14,1,ok,0.3114300253999033,-0.013872012291339827,0.0014357414453642458,0.000783377608324336,3585.6049506360005,0.0022558638410538675,1,1,0,1,1,,,,,,,0.0072,0.31531890161135867,-0.012303253648609616,0.0031715080058111037,36.264780669780976,1
weak_field,0.0065,14,1,ok,0.3146428375545236,-0.013486594760174725,0.00467113749508348,0.0010287574400962723,8095.219747869455,0.0105388753910359,1,1,0,1,1,,,,,,,0.004679999999999999,0.3340991793074574,-0.012454009079932951,0.001305744671798109,14.746595956450252,1
weak_field,0.004,14,1,ok,0.33490995806456,-0.008383534222329117,0.025535283405709146,0.0007815034615869389,17984.922191121204,0.040160239034555276,0,0,0,1,1,,,,,,,0.0028799999999999997,0.3805052305540776,-0.006674077689874687,0.0003188268204019306,6.672058373573278,0
weak_field,0.036,15,1,ok,0.3099867785374962,-0.013993833579315294,1.4588756451483694e-05,0.0003977599696597856,355.0469117698296,5.7815423443459666e-05,1,1,0,1,1,,,,,,,0.02592,0.31538944959894116,-0.014157857764367074,0.040909642571299226,420.2732341910122,1
weak_field,0.024,15,1,ok,0.31001323420363197,-0.013969400474532323,3.333879278887529e-05,0.0004218565779319644,645.7520324168988,0.00016876219780889208,1,1,0,1,1,,,,,,,0.01728,0.3125352333940484,-0.01416098908602684,0.019585218338431812,197.5444211540795,1
weak_field,0.016,15,1,ok,0.31010386168218823,-0.013899639151921219,0.0001444283519744715,0.0004736846432815639,1407.419525502626,0.00033867782927705887,1,1,0,1,1,,,,,,,0.011519999999999999,0.31187286667682135,-0.013735790389257027,0.008756399165892586,90.19677935733057,1
weak_field,0.01,15,1,ok,0.3108210656719719,-0.013377666399609866,0.0010302659597721244,0.0006585608581098659,3580.085734719973,0.0025606824915394007,1,1,0,1,1,,,,,,,0.0072,0.31541776894464285,-0.013520562991757312,0.0033307204473905787,34.651895555522955,1
weak_field,0.0065,15,1,ok,0.3135563300437764,-0.012607766960117997,0.003819135532762081,0.001084702336369734,8198.83143351172,0.013956373525997727,0,0,0,1,1,,,,,,,0.004679999999999999,0.3305671633368375,-0.012086948577875026,0.001239889146509711,14.423445180090496,1
weak_field,0.004,15,1,ok,0.3353515151897141,-0.0063325166691432875,0.02648564937930108,0.0007821558520058879,17225.88517784301,0.044351930266696524,0,0,0,1,1,,,,,,,0.0028799999999999997,0.39321043023291813,-0.0046068618115215195,0.0002996110090452286,9.066873037213421,0
weak_field,0.036,16,1,ok,0.30998923112177795,-0.013973641149055326,2.847380833827492e-05,0.000389486496405947,354.96776080706417,7.191131609297895e-05,1,1,0,1,1,,,,,,,0.02592,0.31538673303453574,-0.014202528488085054,0.04110745893428907,420.9853369426098,1
weak_field,0.024,16,1,ok,0.31006705411193286,-0.013923008528024578,0.0001020977016589852,0.0004068744963587519,644.8360437832213,4.705344288080081e-05,1,1,1,0,1,,,,,,,0.01728,0.31257654601017937,-0.014012677738242168,0.019356834554458496,197.323455033628,1
weak_field,0.016,16,1,ok,0.31014462940047854,-0.013917343150722078,0.00016658276686181258,0.00044071309374763885,1415.9358651662872,0.00041567124977887944,1,1,0,1,1,,,,,,,0.011519999999999999,0.31158223003337965,-0.013945135832836257,0.008941999026967051,90.77539559058484,1
weak_field,0.01,16,1,ok,0.31057643954910447,-0.013172874892618048,0.0010081758264476332,0.0006822876545745165,3568.8550338192713,0.003453942875610691,1,1,0,1,1,,,,,,,0.0072,0.31511236665105485,-0.013702202713944818,0.003426768939790262,35.21670730871254,1
weak_field,0.0065,16,1,ok,0.3138101619050964,-0.012964474298664288,0.003948372730780974,0.0010234487252048447,8288.051780156033,0.010476159574531279,1,1,0,1,1,,,,,,,0.004679999999999999,0.3252215627014822,-0.010545662352446826,0.0011365551277706819,15.117511140363865,1
weak_field,0.004,16,1,ok,0.331369266857782,-0.009848120823892921,0.02176886921114857,0.0007355592319474291,18486.43203947114,0.04475656114393515,0,0,0,1,1,,,,,,,0.0028799999999999997,0.3804855580780281,-0.00530254346807401,0.00027288109529411347,7.158235412188333,0
weak_field,0.036,17,1,ok,0.3099911466246236,-0.01403097397295286,3.2214426209997776e-05,0.00038999114207288716,355.23895386234705,7.7915142034341e-05,1,1,0,1,1,,,,,,,0.02592,0.31537897348048316,-0.014158844318243026,0.04095276120964321,420.70361449306796,1
weak_field,0.024,17,1,ok,0.3100464322400498,-0.014102175852293647,0.00011223126885131078,0.00038805233203253716,645.8271567322939,7.65602431778002e-05,1,1,1,0,1,,,,,,,0.01728,0.3125119211312297,-0.014161428502542244,0.019602282003286505,197.69946704005204,1
weak_field,0.016,17,1,ok,0.31006940421955576,-0.014040000233029868,8.010595692323732e-05,0.0004956565023689602,1415.609969567819,0.0006756484546942259,1,1,0,1,1,,,,,,,0.011519999999999999,0.31189047045242246,-0.013963624674644525,0.008896882550783304,90.14636229571376,1
weak_field,0.01,17,1,ok,0.3109983358505584,-0.013721229260400132,0.0010365266980484672,0.0006679141930851018,3563.2989145763518,0.002251918288829622,1,1,0,1,1,,,,,,,0.0072,0.3140551305632562,-0.013467474302948462,0.003411204925803305,35.65841654892637,1
weak_field,0.0065,17,1,ok,0.31298354906673664,-0.012763450065610367,0.003229647159344828,0.0010080981468935232,8149.761925983974,0.014173916103718927,0,0,0,1,1,,,,,,,0.004679999999999999,0.3298738733448192,-0.012782260606701694,0.0013104499595951627,14.40256129076638,1
weak_field,0.004,17,1,ok,0.33058284906369245,-0.009470578005562799,0.021075325363619817,0.0008095671560225123,18279.999737363418,0.052619491278633856,0,0,0,1,1,,,,,,,0.0028799999999999997,0.39125155864362476,-0.006524690070505207,0.00030740990483966394,6.616358491430099,0
weak_field,0.036,18,1,ok,0.31005884538534306,-0.014007600292799615,5.933417081929821e-05,0.0003848030606640713,354.68842240740423,8.6042055161702e-05,1,1,0,1,1,,,,,,,0.02592,0.31536296849246315,-0.014212265965960992,0.04107172437378255,420.36899727302995,1
weak_field,0.024,18,1,ok,0.309947285328886,-0.013920586336826976,9.531718863466547e-05,0.0004367396672236127,645.5399838302628,0.00026853496455351883,1,1,0,1,1,,,,,,,0.01728,0.3126909374247312,-0.014177819038719197,0.019524175240689726,196.7541142766945,1
weak_field,0.016,18,1,ok,0.3102720831243375,-0.014039780274993825,0.00027497581135047135,0.00042110046471988794,1411.3908493336473,0.00015088631296551066,1,1,1,0,1,,,,,,,0.011519999999999999,0.3117768031753163,-0.013741565527734716,0.008796575094842588,90.59329445178584,1
weak_field,0.01,18,1,ok,0.3108708670302982,-0.013479051853869052,0.0010147888230650195,0.0007998531180871861,3547.484409546095,0.003316547593643093,1,1,0,1,1,,,,,,,0.0072,0.31502686052881884,-0.013421855566899607,0.003409636555880822,35.7791328602115,1
weak_field,0.0065,18,1,ok,0.31358380389595714,-0.013187988464823072,0.0036746446219924392,0.0012378538182645153,8273.944237467389,0.01341981955620455,0,0,0,1,1,,,,,,,0.004679999999999999,0.33100583516452503,-0.011847133272458175,0.0012447410233294002,14.776884446676961,1
weak_field,0.004,18,1,ok,0.33088936025122545,-0.008594644502793094,0.02157737796296535,0.000787220393701193,17703.242396738555,0.04689571804747312,0,0,0,1,1,,,,,,,0.0028799999999999997,0.3949374724566712,-0.004725220929604796,0.00026341150296789267,7.7526068829333346,0
weak_field,0.036,19,1,ok,0.3100186840864893,-0.014021406034771875,2.8413261210121482e-05,0.00039420887252373523,354.8944908867152,6.924655515961697e-05,1,1,0,1,1,,,,,,,0.02592,0.315362235698827,-0.014105713278339337,0.04084317124048493,421.1800517555033,1
weak_field,0.024,19,1,ok,0.3100923896135959,-0.013962493396257734,9.971251689072538e-05,0.0004370526640975805,644.8679384215554,0.0001347624611513437,1,1,0,1,1,,,,,,,0.01728,0.3124654195159699,-0.013915347080544125,0.019368097459836118,198.7633916618392,1
weak_field,0.016,19,1,ok,0.3102569769484511,-0.014035596678183604,0.0002594306757747707,0.00048455694250892494,1409.779090623335,0.000528037246793235,1,1,0,1,1,,,,,,,0.011519999999999999,0.3117872941851595,-0.013925333044899353,0.00896290166642697,91.08712627175663,1
weak_field,0.01,19,1,ok,0.310942900689199,-0.01393905652475117,0.0009448681478742703,0.0008712736887891985,3588.7002047745664,0.0038735726864139374,1,1,0,1,1,,,,,,,0.0072,0.31546872230499134,-0.013383789193558664,0.0033391944285214386,35.095608529560096,1
weak_field,0.0065,19,1,ok,0.31337412385943814,-0.012697556456154216,0.0036167763275789236,0.0011184510678124728,8069.106319566021,0.014502765041795023,0,0,0,1,1,,,,,,,0.004679999999999999,0.32917369557889664,-0.011015193473187797,0.001144224529595776,14.6100712757099,1
weak_field,0.004,19,1,ok,0.3371005988507632,-0.006085079998945256,0.02823275432353501,0.0008349355797963393,16929.939674082943,0.0375041366107094,0,0,0,1,1,,,,,,,0.0028799999999999997,0.3800483373275709,-0.00776200593504552,0.0004259120328844488,7.699891067931842,0
weak_field,0.036,20,1,ok,0.3099740176843473,-0.013970152050116924,3.957247577419801e-05,0.00040044288143088063,354.98284774910866,8.522514227199735e-05,1,1,0,1,1,,,,,,,0.02592,0.3153448119068372,-0.014237062026770489,0.04115909545081181,420.55889837334087,1
weak_field,0.024,20,1,ok,0.31003465423197396,-0.014100195466898335,0.00010601908969935834,0.000405529170983228,645.4010153538819,9.434177358771171e-05,1,1,1,0,1,,,,,,,0.01728,0.31251287139995276,-0.014154056652717354,0.019547623818283844,197.2512244500672,1
weak_field,0.016,20,1,ok,0.3100805641629495,-0.013797834978401998,0.00021762646968940364,0.00043041545822797587,1410.7922322199736,0.00039999500884526024,1,1,0,1,1,,,,,,,0.011519999999999999,0.3121023350653248,-0.01413828397582275,0.008902431064778336,89.03119882351648,1
weak_field,0.01,20,1,ok,0.31160141970165395,-0.013416231567908493,0.0017045030487364938,0.0007063041306524756,3554.8041927591025,0.0014797158834291449,1,1,1,0,1,,,,,,,0.0072,0.31430583904393533,-0.013720652884565317,0.003466720311447744,35.592248143378896,1
weak_field,0.0065,20,1,ok,0.3142826945624992,-0.013557632983382993,0.0043054803788951075,0.001173975988313285,8132.833743372326,0.013157736102325865,0,0,0,1,1,,,,,,,0.004679999999999999,0.3321057302532676,-0.01132514343284079,0.0011494479222385482,14.266787662639612,1
weak_field,0.004,20,1,ok,0.3289138020047424,-0.007468229393557803,0.02000989589002852,0.0007653731994389237,19662.113768902535,0.05756054718824276,0,0,0,1,1,,,,,,,0.0028799999999999997,0.39456949209361264,-0.006133964569803678,0.0003070413791341345,7.025074635546246,0
weak_field,0.036,21,1,ok,0.3099736678473134,-0.013996555781115007,2.6556447594479565e-05,0.00047338564473170975,355.072366524641,0.00015369098805293266,1,1,0,1,1,,,,,,,0.02592,0.3154739213193036,-0.014102280741815442,0.040731343356178056,420.06691913682334,1
weak_field,0.024,21,1,ok,0.3099574654988334,-0.014025369870892191,4.952589361714914e-05,0.0004064668301868006,644.7017250004915,0.0001423339578586695,1,1,0,1,1,,,,,,,0.01728,0.31253507397200064,-0.013964146810512817,0.019370968336328214,198.13448327242915,1
weak_field,0.016,21,1,ok,0.31012535178677214,-0.013960675222588018,0.00013137544886877004,0.00047599668114111493,1411.342486453904,0.000602965123011485,1,1,0,1,1,,,,,,,0.011519999999999999,0.3116828826749972,-0.014019551085970586,0.008898584286932652,89.84343292438267,1
weak_field,0.01,21,1,ok,0.3108951400820839,-0.013898025501931158,0.0009009298334551834,0.000720879723909806,3593.4681206400137,0.0031631825467012646,1,1,0,1,1,,,,,,,0.0072,0.3154281409399101,-0.013259549630934968,0.0033499209085999485,35.53361743136219,1
weak_field,0.0065,21,1,ok,0.3150126589715242,-0.01265951900052034,0.005188799405909618,0.0010966419304658907,8061.783368165471,0.011197805186909798,1,1,0,1,1,,,,,,,0.004679999999999999,0.3294653444159875,-0.012060173112615183,0.001298618395871949,15.142668569942327,1
weak_field,0.004,21,1,ok,0.33156064453937306,-0.008216499592511455,0.02232286428567395,0.0008075166568798865,17379.908054203275,0.0517042960889955,0,0,0,1,1,,,,,,,0.0028799999999999997,0.3911726658213582,-0.005858935483726535,0.00028060799065813185,6.727851691451479,0
weak_field,0.036,22,1,ok,0.3100026569053297,-0.013999362398953571,2.732339844408453e-06,0.00041558580940140885,354.85558124308545,5.574448933163921e-05,1,1,0,1,1,,,,,,,0.02592,0.31535699428277153,-0.01422765469075095,0.04115016362117175,420.7266053205233,1
weak_field,0.024,22,1,ok,0.3100304550399566,-0.0140207937261905,3.6876666167676676e-05,0.00041028526112419766,645.1923110380347,6.865990772931463e-05,1,1,0,1,1,,,,,,,0.01728,0.3124312119797236,-0.014059524607253031,0.019547783725751833,198.5342777237353,1
weak_field,0.016,22,1,ok,0.31003629453334797,-0.014052412013583981,6.375195933361002e-05,0.0003910873278798155,1411.9051205135115,0.0005434933479985507,1,1,0,1,1,,,,,,,0.011519999999999999,0.3114169055011699,-0.013697683370617605,0.00876385163226376,90.58370698960759,1
weak_field,0.01,22,1,ok,0.31086888932843415,-0.013731613801001442,0.0009093953028686954,0.0006302488416541045,3581.332339313483,0.0019848295119288604,1,1,0,1,1,,,,,,,0.0072,0.31356916660988177,-0.014165127355832313,0.0035810869603566113,35.59368394653956,1
weak_field,0.0065,22,1,ok,0.31647116229074435,-0.012248927239706242,0.006703894182114932,0.0011922505588951235,8232.398096717676,0.010894525928820472,1,1,0,1,1,,,,,,,0.004679999999999999,0.3307047343034098,-0.012258274528782209,0.00127618168132608,14.641477467453745,1
weak_field,0.004,22,1,ok,0.331525278493614,-0.009590408291254255,0.021972303321806785,0.00081525715087346,17542.896668965124,0.05378983773404455,0,0,0,1,1,,,,,,,0.0028799999999999997,0.39163407010281637,-0.00915830191803308,0.00041649318469080045,6.375850972848451,0
weak_field,0.036,23,1,ok,0.3099840834941786,-0.013972771267436894,3.153948373952073e-05,0.00040782723958971654,355.0709493128832,9.9022563899098e-05,1,1,0,1,1,,,,,,,0.02592,0.31537097960570776,-0.014052778688820237,0.04073211104398075,421.5988490181953,1
weak_field,0.024,23,1,ok,0.30999505627424434,-0.01399535610424742,6.7827864560209e-06,0.0004288475778636924,645.6259774566465,0.0002623322271670407,1,1,0,1,1,,,,,,,0.01728,0.3126028839094464,-0.014110552343596018,0.019501650394218303,197.4327291724334,1
weak_field,0.016,23,1,ok,0.3101600119804396,-0.013892701891003093,0.00019265699592412475,0.0004312116755822855,1412.0375233714217,0.0001913039216646631,1,1,1,0,1,,,,,,,0.011519999999999999,0.3116158493403109,-0.014048916077206817,0.008973553434028425,90.41948983154688,1
weak_field,0.01,23,1,ok,0.31037374879414037,-0.013407980195216156,0.0007001254247473687,0.0007406031814020275,3556.721814794793,0.0036903602609719816,1,1,0,1,1,,,,,,,0.0072,0.31461088050991276,-0.013973417120124239,0.0035472401056672437,35.76980712777419,1
weak_field,0.0065,23,1,ok,0.3148339375045064,-0.012748703739567996,0.004993264876695868,0.0010890603976856951,8244.614154135494,0.013716452783835056,0,0,0,1,1,,,,,,,0.004679999999999999,0.33565707805325684,-0.012458526755664131,0.0012443331289662951,14.047580369693696,1
weak_field,0.004,23,1,ok,0.3321445863251237,-0.008078868035159694,0.02292253274086244,0.0007884077394534718,17651.669749234996,0.04217764368733082,0,0,0,1,1,,,,,,,0.0028799999999999997,0.3844874658783529,-0.00446638519744945,0.00026128794817063583,8.221387094019065,0
weak_field,0.036,24,1,ok,0.30999284743840194,-0.013978139390273444,2.3000986827325063e-05,0.0003805400802160849,354.9605455920346,7.503125782636451e-05,1,1,0,1,1,,,,,,,0.02592,0.31538849048183715,-0.014164932544748193,0.04093024258558669,420.2769885311976,1
weak_field,0.024,24,1,ok,0.3100180384669601,-0.01400696210269887,1.9335386322995807e-05,0.0004088007568934109,644.407426604964,0.00011074492398013361,1,1,0,1,1,,,,,,,0.01728,0.31262195661183695,-0.014063380036503164,0.019480491428846104,197.8869054891783,1
weak_field,0.016,24,1,ok,0.31003282122325937,-0.013774445182720266,0.00022793027068455818,0.0004946441576139235,1407.9681458792002,0.0008941562989214708,1,1,0,1,1,,,,,,,0.011519999999999999,0.3119856247018555,-0.013508981145979721,0.008685136075768096,90.93164439435496,1
weak_field,0.01,24,1,ok,0.31116758496973335,-0.013802123107383178,0.0011842338984250171,0.0006841413334997613,3570.2318098184605,0.0019235227733866303,1,1,0,1,1,,,,,,,0.0072,0.31382209958599583,-0.013435119483964907,0.0033947836533263867,35.54064337172796,1
weak_field,0.0065,24,1,ok,0.31499296556294076,-0.013186022071492023,0.0050588798345889315,0.0010399228642368433,8226.080494791524,0.009677118407269685,1,1,0,1,1,,,,,,,0.004679999999999999,0.32661180127208006,-0.009619853350292282,0.0010392366655476448,15.163977120023814,1
weak_field,0.004,24,1,ok,0.3271800370890873,-0.010380511878513458,0.017557174278453765,0.0008209601626844088,18093.934280457925,0.04192018825424059,0,0,0,1,1,,,,,,,0.0028799999999999997,0.37825995377948907,-0.006482077024419179,0.00037239104809962207,8.067141865910047,1
weak_field,0.036,25,1,ok,0.30996743287464185,-0.013971242106775096,4.344691101595803e-05,0.0004146958796425794,355.09576704440843,3.2536412474889125e-05,1,1,1,0,1,,,,,,,0.02592,0.31533163240070833,-0.014171090655564026,0.04098995466876757,420.79508022079034,1
weak_field,0.024,25,1,ok,0.3099524667360324,-0.01398035147394138,5.143418862674105e-05,0.0003823076666533867,645.4238554220867,0.00011144740955277787,1,1,0,1,1,,,,,,,0.01728,0.31253686810822906,-0.013953828778680538,0.019380311460249777,198.3773129069017,1
weak_field,0.016,25,1,ok,0.3099881274895559,-0.014039738034026559,4.147370073361172e-05,0.0004080265825129167,1414.5264376143325,0.00031017938392291516,1,1,0,1,1,,,,,,,0.011519999999999999,0.31173994782597075,-0.014018618269730243,0.008901486466885515,89.86993732539327,1
weak_field,0.01,25,1,ok,0.31072291912294037,-0.01313241881124018,0.0011292958768200536,0.0008850326048034273,3548.0191846020757,0.004060632107645774,1,1,0,1,1,,,,,,,0.0072,0.315795845409574,-0.013999149387318426,0.00359522874498241,36.168068710690164,1
weak_field,0.0065,25,1,ok,0.31565766014395136,-0.011638797623772056,0.006130611304426355,0.001141696526025135,8219.956035832194,0.01379893917580375,0,0,0,1,1,,,,,,,0.004679999999999999,0.3353795932120767,-0.011044028783879072,0.0011537385539011592,14.685183593485785,1
weak_field,0.004,25,1,ok,0.329988908359821,-0.009790801567755395,0.020427280995260515,0.0007876276813848402,18108.038413062914,0.044850623586631305,0,0,0,1,1,,,,,,,0.0028799999999999997,0.3955655719118553,-0.007384461287718428,0.000284250936924021,5.404876215925149,0
weak_field,0.036,26,1,ok,0.3100373621921591,-0.01395379268823908,5.942263090022978e-05,0.00040858227748551834,354.836199673346,6.17469577867843e-05,1,1,0,1,1,,,,,,,0.02592,0.31541222864189467,-0.014179773712940597,0.0409886226504617,420.39883862864036,1
weak_field,0.024,26,1,ok,0.3099406603679998,-0.013865164761244476,0.00014731508251425186,0.00041558572181416535,645.8605292298298,0.00022714787171290973,1,1,0,1,1,,,,,,,0.01728,0.31266260959879083,-0.0139611282814361,0.019363614079687966,198.1539975337786,1
weak_field,0.016,26,1,ok,0.3101660023170591,-0.014102515391626705,0.00019510554781801152,0.0005086072133196873,1408.727475893199,0.0005973753635639273,1,1,0,1,1,,,,,,,0.011519999999999999,0.312025803740466,-0.013579691713038479,0.008751729354366898,91.14021060868544,1
weak_field,0.01,26,1,ok,0.3114121495626861,-0.013674696266851296,0.0014491338468875152,0.0007909566992037255,3555.908379640571,0.0021628481562601092,1,1,0,1,1,,,,,,,0.0072,0.314362379079593,-0.01407005143719733,0.0036259289633602887,36.305868038988635,1
weak_field,0.0065,26,1,ok,0.31465352817145686,-0.013382657037655161,0.00469429832623571,0.0013113490929297957,8176.147528405273,0.014833292610671886,0,0,0,1,1,,,,,,,0.004679999999999999,0.3331995366112598,-0.0112076695346692,0.0012387690920913233,15.515806968411036,1
weak_field,0.004,26,1,ok,0.3317698294182129,-0.009904533681068566,0.022151711384621974,0.0007922572188120635,17786.954334927206,0.05045706901544685,0,0,0,1,1,,,,,,,0.0028799999999999997,0.39174567523558224,-0.006681457803505365,0.0003312748868696473,6.92489100518865,0
weak_field,0.036,27,1,ok,0.30998649307960624,-0.013976610805153788,2.7009097246620426e-05,0.0004011264637952148,355.0551692926903,5.104754857100895e-05,1,1,0,1,1,,,,,,,0.02592,0.31527690058854374,-0.014210419040594769,0.041140624474080366,421.2532234379228,1
weak_field,0.024,27,1,ok,0.3099982706007928,-0.014077898908576764,7.791810302534842e-05,0.0004174216304712066,645.4092794808012,0.00016898023087175975,1,1,0,1,1,,,,,,,0.01728,0.31263301966406,-0.014161596814204107,0.019594667891939945,197.67130456774572,1
weak_field,0.016,27,1,ok,0.3100734200637489,-0.013785480796512248,0.000226735516463368,0.0004281352216761543,1408.5229085790927,0.00040962561249160637,1,1,0,1,1,,,,,,,0.011519999999999999,0.3116275482164794,-0.013926640477698767,0.008928775610292912,90.75663312140566,1
weak_field,0.01,27,1,ok,0.3107493309853235,-0.013988771070776788,0.000749415114884508,0.0007399278481890272,3567.573861836721,0.0033377804985000635,1,1,0,1,1,,,,,,,0.0072,0.3138929121431085,-0.01343360835383963,0.003435894009028671,35.98586814815085,1
weak_field,0.0065,27,1,ok,0.3130180329024039,-0.01295922540582545,0.0031924495854862888,0.0012284202992391391,8287.781585516606,0.017204661413755692,0,0,0,1,1,,,,,,,0.004679999999999999,0.3352633655882853,-0.011789610351600274,0.001170416552921585,13.951309814601588,1
weak_field,0.004,27,1,ok,0.32934504997114766,-0.008401697174162512,0.02013881706843727,0.000758328599155784,17396.872945561056,0.049299302057426976,0,0,0,1,1,,,,,,,0.0028799999999999997,0.3960153616594667,-0.00417201659876347,0.00022750800209332697,7.659291614031301,0
weak_field,0.036,28,1,ok,0.31000244085866413,-0.01403621409406056,3.629625875548762e-05,0.0003902796146982419,355.1365046273559,3.190681664691902e-05,1,1,1,0,1,,,,,,,0.02592,0.3154350723758814,-0.014235038021528547,0.04111761540916958,420.05191000812675,1
weak_field,0.024,28,1,ok,0.31006710346798344,-0.013956285830609934,8.008622865929153e-05,0.00043747823983855374,644.9979168867811,0.00015270252047746937,1,1,0,1,1,,,,,,,0.01728,0.31262900793562287,-0.014014641589089877,0.019402139496233876,197.77856950257663,1
weak_field,0.016,28,1,ok,0.31007141613249345,-0.013927248875238307,0.0001019460157848932,0.0004718562969924853,1412.9299766819618,0.0008284153267700424,1,1,0,1,1,,,,,,,0.011519999999999999,0.31235497295314496,-0.013919104594161751,0.00881374839282701,89.5545703650921,1
weak_field,0.01,28,1,ok,0.3109919997072737,-0.013766377085650825,0.0010191384034271887,0.0007103783169639007,3578.6228376380777,0.003039480652229311,1,1,0,1,1,,,,,,,0.0072,0.3149079349031005,-0.013936496628462514,0.0034572503174345828,34.947538148859486,1
weak_field,0.0065,28,1,ok,0.31492659051284627,-0.012695647892964306,0.005096334810468732,0.0013406883104753516,8239.361896831972,0.018221111940615053,0,0,0,1,1,,,,,,,0.004679999999999999,0.33633918034690524,-0.012196621939122344,0.0012224577156984167,14.080944286817074,1
weak_field,0.004,28,1,ok,0.33100799793394053,-0.011452874105614366,0.021161848395504106,0.0008159084534952989,18196.57429547103,0.05476642151629296,0,0,0,1,1,,,,,,,0.0028799999999999997,0.4030975786784573,-0.007843296353334653,0.0003874628186794719,6.913210507341638,0
weak_field,0.036,29,1,ok,0.3100164128245168,-0.014019602866140273,2.5566641733576095e-05,0.00040616218202515683,354.98629994000555,7.877189164871987e-05,1,1,0,1,1,,,,,,,0.02592,0.31536318715840084,-0.01417706900734758,0.040981823384365804,420.48706595673895,1
weak_field,0.024,29,1,ok,0.3101097552678414,-0.0139689060656751,0.00011407476307553617,0.00040472817325280656,644.5554273680424,0.00012644310080081768,1,1,0,1,1,,,,,,,0.01728,0.3125983743571152,-0.01405475765482943,0.019451210294554835,197.70139814693223,1
weak_field,0.016,29,1,ok,0.3101738841442544,-0.01388659497518893,0.0002075967130652222,0.0005033853391020414,1406.280749651332,0.0006371904662035329,1,1,0,1,1,,,,,,,0.011519999999999999,0.3119126269741348,-0.01410723688052793,0.008983274198701803,90.09107631992991,1
weak_field,0.01,29,1,ok,0.31088328293795997,-0.013945069369301065,0.0008849893347832977,0.0006683740306182522,3571.0048053320406,0.002973719945448365,1,1,0,1,1,,,,,,,0.0072,0.31535029418710164,-0.013840296962493495,0.003468058406978727,35.25935244781566,1
weak_field,0.0065,29,1,ok,0.3148052345043885,-0.013063068364830507,0.004895724617576788,0.0010409248600700837,8222.974765638077,0.011285018791448073,1,1,0,1,1,,,,,,,0.004679999999999999,0.3316669151956084,-0.011700114815187799,0.0011596618246974995,13.908886047365229,1
weak_field,0.004,29,1,ok,0.3268920824961052,-0.009493383924348436,0.017482907066862317,0.0007896821366697353,18106.687386321148,0.05226364506775924,0,0,0,1,1,,,,,,,0.0028799999999999997,0.38769442627338563,-0.007151487274142088,0.00032746229459165705,6.434805465458012,0
weak_field,0.036,30,1,ok,0.3100231621724922,-0.013984251545119274,2.800892832096719e-05,0.00041954992828906494,354.8469990491299,8.626848399155724e-05,1,1,0,1,1,,,,,,,0.02592,0.31536277350647557,-0.014168873836061349,0.040968569983554186,420.594189483649,1
weak_field,0.024,30,1,ok,0.30999427636572136,-0.013944566630105374,5.572807629220725e-05,0.00043632794278630635,643.7088012597885,0.0001693047974222069,1,1,0,1,1,,,,,,,0.01728,0.31272298969266704,-0.014090919612873672,0.019498602399814626,197.7169761098934,1
weak_field,0.016,30,1,ok,0.30973322969966505,-0.014112217556716645,0.0002894117709704517,0.0004889654244288828,1419.6781987916622,0.0009281990816710139,1,1,0,1,1,,,,,,,0.011519999999999999,0.31181769409150406,-0.013900161880157302,0.008857671179198317,90.17450829503568,1
weak_field,0.01,30,1,ok,0.31118493973665434,-0.01330933646001613,0.0013715313722133802,0.0006970329788589018,3571.1541638601175,0.0026084783380168923,1,1,0,1,1,,,,,,,0.0072,0.31585307635353194,-0.014152213434223036,0.0034544813584696733,34.38084891973299,1
weak_field,0.0065,30,1,ok,0.3143937932240009,-0.013890179515663638,0.004395165461510655,0.0012517573429953219,8240.730308450547,0.013424204268881733,0,0,0,1,1,,,,,,,0.004679999999999999,0.331322989185687,-0.010322873268200873,0.0010301378726530687,14.022640704266903,1
weak_field,0.004,30,1,ok,0.328817757784228,-0.007984049278473628,0.019756003419459805,0.0007771178035649981,19056.60611785921,0.048170818971542996,0,0,0,1,1,,,,,,,0.0028799999999999997,0.3898715917107459,-0.006033567169051007,0.00028605277182323826,6.640329019036913,0
weak_field,0.036,31,1,ok,0.3100166567033235,-0.013996550549628062,1.7010128555541248e-05,0.0003854975087865904,354.7726723281581,4.148689471752001e-05,1,1,0,1,1,,,,,,,0.02592,0.3153604481585458,-0.014197492598237542,0.0410499692149556,420.5862078885793,1
weak_field,0.024,31,1,ok,0.3099964941571271,-0.013946544908392325,5.356993329316752e-05,0.0003856835725774972,645.2199686084587,0.00012557292296151669,1,1,0,1,1,,,,,,,0.01728,0.3127473010369135,-0.014007007382524665,0.01938354604144544,197.73380609039322,1
weak_field,0.016,31,1,ok,0.3101287357458141,-0.014155144211944018,0.0002016001457093938,0.0004649891816045017,1407.9192795531033,0.0005284661523039789,1,1,0,1,1,,,,,,,0.011519999999999999,0.31192269393816446,-0.013848279359885883,0.008856243996352304,90.4729175410581,1
weak_field,0.01,31,1,ok,0.3111636408312918,-0.014063172954823941,0.0011653543694819229,0.0008151485560521381,3558.801540748523,0.0030680888313533035,1,1,0,1,1,,,,,,,0.0072,0.314721823362416,-0.013706808813423108,0.0034355620552432,35.31664702009963,1
weak_field,0.0065,31,1,ok,0.31423130732082716,-0.01262216769304295,0.004449986911147056,0.0011790220457385662,8186.808658265868,0.016900267140748156,0,0,0,1,1,,,,,,,0.004679999999999999,0.33410652714316136,-0.011330048154757083,0.0011529607592056857,14.31284023968019,1
weak_field,0.004,31,1,ok,0.3332094219913257,-0.008162595165562225,0.02393224946327759,0.0007764247375307289,17924.38228130011,0.042824454685300314,0,0,0,1,1,,,,,,,0.0028799999999999997,0.38685536987477837,-0.006117699392699772,0.0002996109885167826,6.834079645033833,0
weak_field,0.036,32,1,ok,0.3100034994288461,-0.013991346184828208,9.33458725795458e-06,0.0003900180950945728,354.9557338767473,4.9124807209870566e-05,1,1,0,1,1,,,,,,,0.02592,0.3154497907355243,-0.01414514882627057,0.04083369522920372,419.8102919034625,1
weak_field,0.024,32,1,ok,0.31001099097787504,-0.013942778041454969,5.826795117711835e-05,0.00040266440300433016,644.8298620478578,0.0001616386563303958,1,1,0,1,1,,,,,,,0.01728,0.31251524595843483,-0.01411144817399027,0.019595918969574237,198.33605669569585,1
weak_field,0.016,32,1,ok,0.3100503177072067,-0.013862879530526532,0.0001460612707296629,0.00044146915581083857,1418.670371802531,0.0003674878918837591,1,1,0,1,1,,,,,,,0.011519999999999999,0.3117247091679016,-0.014233990372846549,0.008990429084367788,89.39782366656956,1
weak_field,0.01,32,1,ok,0.3105951107859417,-0.013994948906442381,0.0005951322215191244,0.0007231102290226098,3594.452604787139,0.0035342260460780916,1,1,0,1,1,,,,,,,0.0072,0.31446499735305516,-0.013475133269260602,0.0033720911386641785,35.258552507112704,1
weak_field,0.0065,32,1,ok,0.3139888997241098,-0.013082764144287612,0.004092999221110092,0.0010460399045416444,8288.600176030552,0.011188276691244262,1,1,0,1,1,,,,,,,0.004679999999999999,0.3308794264362205,-0.012446615396525619,0.001324171560882445,14.963617186983727,1
weak_field,0.004,32,1,ok,0.331218615878624,-0.010978533999019137,0.021432660044886587,0.0007907535530540883,18950.16067085273,0.049903132228643586,0,0,0,1,1,,,,,,,0.0028799999999999997,0.3905841757661165,-0.004007384469824534,0.00024011375475234019,8.375564546226775,0
weak_field,0.036,33,1,ok,0.31000633372635383,-0.013999260013985442,6.376807102854121e-06,0.00040263591888406886,355.0277456110212,5.338195942666308e-05,1,1,0,1,1,,,,,,,0.02592,0.31543303921469645,-0.014141777773774802,0.040883199548175826,420.40592559365194,1
weak_field,0.024,33,1,ok,0.3100538075878849,-0.014051549466711603,7.451579719928198e-05,0.0004305003719588154,645.4059298212292,0.0002129380194804538,1,1,0,1,1,,,,,,,0.01728,0.31258788418087974,-0.013862818560507747,0.019269633862704954,198.56093971326894,1
weak_field,0.016,33,1,ok,0.3099714902153858,-0.014053440374072367,6.056964090816075e-05,0.00042466395353115484,1411.7295207907976,0.0004194569965226302,1,1,0,1,1,,,,,,,0.011519999999999999,0.311784469530867,-0.014059660410168451,0.00894847763834382,90.07296317986068,1
weak_field,0.01,33,1,ok,0.31120071776944586,-0.013827971271883684,0.001212978583966079,0.0009756297237993898,3592.501578155389,0.0036702841089615796,1,1,0,1,1,,,,,,,0.0072,0.3163022953032033,-0.013792014171259432,0.003395476402762957,34.6895572986165,1
weak_field,0.0065,33,1,ok,0.3137822254911926,-0.01274690136939195,0.003984405331320971,0.001142443877091409,7943.9272182386685,0.011923262535480029,1,1,0,1,1,,,,,,,0.004679999999999999,0.3280578638812191,-0.0100488664116409,0.001128119798900947,15.775358166712893,1
weak_field,0.004,33,1,ok,0.3320847024387274,-0.008302908180091726,0.022807694688670263,0.0007364755805267659,18392.146874442453,0.05016094244983979,0,0,0,1,1,,,,,,,0.0028799999999999997,0.39230377607952555,-0.005737547969721333,0.00026978578217674696,6.597763705572259,0
weak_field,0.036,34,1,ok,0.31001094239950994,-0.01399102242590519,1.4153902064904864e-05,0.0004123358277777137,354.9560491215612,4.4797100199360966e-05,1,1,0,1,1,,,,,,,0.02592,0.3153714268920914,-0.014120623310942524,0.040865060132926026,420.9476636029198,1
weak_field,0.024,34,1,ok,0.31001017618590104,-0.013941768171747068,5.911430098691529e-05,0.00040169208738425775,645.0055843677635,0.00018274292196472723,1,1,0,1,1,,,,,,,0.01728,0.3127151177090087,-0.014064675891680293,0.019452185277145574,197.61200079020043,1
weak_field,0.016,34,1,ok,0.31046138062648787,-0.013966494273181739,0.00046259562927892215,0.0005583995731253899,1400.9678022995877,0.0006274893671600058,1,1,0,1,1,,,,,,,0.011519999999999999,0.31204321897572374,-0.013836768404194467,0.008838626099367886,90.33342455259698,1
weak_field,0.01,34,1,ok,0.3107809031022083,-0.013936664859083746,0.0007834672903915157,0.0008054932081253715,3567.3529762999838,0.0031292676867964034,1,1,0,1,1,,,,,,,0.0072,0.3150885407641663,-0.013181698771983668,0.0033343390406506855,35.620406494670085,1
weak_field,0.0065,34,1,ok,0.31437249565849246,-0.01262225028140801,0.004584420636308989,0.0012074901221897922,8247.107898111979,0.013627151421027325,0,0,0,1,1,,,,,,,0.004679999999999999,0.3311394319690287,-0.010977041450493438,0.0010858984653018173,13.909821921617661,1
weak_field,0.004,34,1,ok,0.3319479738859697,-0.009679093610821888,0.02236925992792895,0.0008281192844669481,16982.442092851867,0.048876175278592074,0,0,0,1,1,,,,,,,0.0028799999999999997,0.39285910376498023,-0.0043370210659186585,0.00022441843081641284,7.261374369850914,0
weak_field,0.036,35,1,ok,0.30997523688975964,-0.014013102464163605,2.8015820457993735e-05,0.00043782047783615677,355.21144528610023,0.0001335658307222249,1,1,0,1,1,,,,,,,0.02592,0.3153769893642313,-0.01410691176773878,0.04080458631220738,420.7233462360807,1
weak_field,0.024,35,1,ok,0.310046586035478,-0.01407813196945051,9.096627590362904e-05,0.0004838232725931534,646.3304603058018,0.00030804634504839705,1,1,0,1,1,,,,,,,0.01728,0.31264585793499217,-0.013878911069152072,0.019240985970883626,198.05887604216963,1
weak_field,0.016,35,1,ok,0.31016756672990853,-0.014015300454572272,0.00016826381929088772,0.0004614992942833521,1407.91628214695,0.0003829778450408954,1,1,0,1,1,,,,,,,0.011519999999999999,0.31145614162681284,-0.013987143666239061,0.00895803558761765,90.67356026254215,1
weak_field,0.01,35,1,ok,0.3108890216845748,-0.013516358443280734,0.001012061614245895,0.0007642950039778066,3595.609760886871,0.0036306381534781736,1,1,0,1,1,,,,,,,0.0072,0.3159976448818172,-0.012869253858598944,0.0032133353376724125,35.17613007781872,1
weak_field,0.0065,35,1,ok,0.31334961518440096,-0.013876726644706691,0.003351882784897884,0.0011374827778065694,8319.591584373242,0.013333116369142408,0,0,0,1,1,,,,,,,0.004679999999999999,0.33320367605498546,-0.013932679498020267,0.0013857068400978277,13.97098898752267,1
weak_field,0.004,35,1,ok,0.33015607464177854,-0.009346303727307928,0.020686329639726234,0.0008420171982953314,16131.111412815231,0.034810729240047,0,0,0,1,1,,,,,,,0.0028799999999999997,0.3722040418602913,-0.00579900887938952,0.0003157300038376086,7.595709623216283,1
weak_field,0.036,36,1,ok,0.309986202734016,-0.013985976431373207,1.9672951625607173e-05,0.0003982490801145422,355.1079958984107,6.765205144163986e-05,1,1,0,1,1,,,,,,,0.02592,0.3153708866209068,-0.014191653256333226,0.04101363417135312,420.37027540382934,1
weak_field,0.024,36,1,ok,0.3100487895125419,-0.01401339738015205,5.059551688651802e-05,0.00042953167112161686,645.72406881088,0.00022143888042127545,1,1,0,1,1,,,,,,,0.01728,0.31261696808062367,-0.01402873987216224,0.0194550316132179,198.1140055127046,1
weak_field,0.016,36,1,ok,0.31001832096996773,-0.013977443266389193,2.9059665719817214e-05,0.000470687261770185,1414.8878666161108,0.0004011683383480501,1,1,0,1,1,,,,,,,0.011519999999999999,0.3122131685583887,-0.013917178766199448,0.008744012937305761,88.81183261690695,1
weak_field,0.01,36,1,ok,0.31098799576580244,-0.014073539702274623,0.0009907288837286373,0.0006760077212024788,3621.873755312408,0.0019966804912463034,1,1,0,1,1,,,,,,,0.0072,0.31460118025322914,-0.014339335830085,0.0035689521523891987,35.07033769339715,1
weak_field,0.0065,36,1,ok,0.31453209073767907,-0.013425804570790916,0.004568319914966666,0.0011898897988042185,8233.655210103934,0.01170390531292507,1,1,0,1,1,,,,,,,0.004679999999999999,0.32991404991550954,-0.010661777341129707,0.0011393101989723808,15.000829633753908,1
weak_field,0.004,36,1,ok,0.3307470010236024,-0.009241086985672274,0.021285800538182638,0.0007751535653310232,18400.02055925793,0.05030319017546223,0,0,0,1,1,,,,,,,0.0028799999999999997,0.3919687133845601,-0.005165903066673299,0.0002898961104057647,7.823535127634422,0
weak_field,0.036,37,1,ok,0.31000520806043586,-0.01397482774901771,2.5705371287320227e-05,0.00039480963454329934,354.9712282528303,5.847052059828614e-05,1,1,0,1,1,,,,,,,0.02592,0.3153406920391193,-0.014120966678311735,0.04089738013909201,421.3177193369396,1
weak_field,0.024,37,1,ok,0.3101152036998608,-0.013989341309283093,0.00011569572226064952,0.0003804199921303567,645.6297862981938,0.0001278048691867165,1,1,0,1,1,,,,,,,0.01728,0.3126367843058273,-0.014077104204551978,0.019422008986544604,197.1060832815023,1
weak_field,0.016,37,1,ok,0.31013609102097256,-0.014142349811013444,0.00019693713383950082,0.0005040481881328525,1413.1408070298842,0.0006720940071569305,1,1,0,1,1,,,,,,,0.011519999999999999,0.3114198193770149,-0.01375177568008854,0.008786778766650754,90.46338496126982,1
weak_field,0.01,37,1,ok,0.31140797768144896,-0.01420447137948248,0.0014227472356275553,0.0007780104930993108,3586.018754687114,0.002744628923662409,1,1,0,1,1,,,,,,,0.0072,0.3156101528813344,-0.01382054013821103,0.003426829838616086,34.900483717436266,1
weak_field,0.0065,37,1,ok,0.3141713949198784,-0.012166234536431888,0.004556668887790994,0.0009906700909539442,8274.660315872825,0.011274991199785206,1,1,0,1,1,,,,,,,0.004679999999999999,0.32977537096881954,-0.013066132220409043,0.0013193465130942248,14.190727802482273,1
weak_field,0.004,37,1,ok,0.3329630417438855,-0.008206144234438002,0.02368269517524484,0.0008073108424414895,17603.523100790542,0.03765132799857135,0,0,0,1,1,,,,,,,0.0028799999999999997,0.37469508739319324,-0.00985171427410893,0.00044983582640221765,6.416808685565744,1
weak_field,0.036,38,1,ok,0.31002697530292483,-0.013996246868505308,2.723514207605947e-05,0.0004058750331173919,354.87529179922564,6.459644103525891e-05,1,1,0,1,1,,,,,,,0.02592,0.31533440141263464,-0.014115670774271534,0.040912707485019933,421.6428034781057,1
weak_field,0.024,38,1,ok,0.3100312883644845,-0.013965361318169545,4.667761809547949e-05,0.0004688823840647651,645.4031560516395,0.00020840313438300458,1,1,0,1,1,,,,,,,0.01728,0.3125382170766511,-0.014015902338328471,0.01939030651374164,197.6021846105564,1
weak_field,0.016,38,1,ok,0.3102758946996682,-0.014130766662380775,0.00030531591064865876,0.00045093630640428257,1409.930061118741,0.00034715432663723496,1,1,0,1,1,,,,,,,0.011519999999999999,0.31166664762519064,-0.014282499143463256,0.00910507217686123,90.23871217186017,1
weak_field,0.01,38,1,ok,0.3113214836366133,-0.013960840313950012,0.0013220637211754677,0.0008226869978530444,3592.9746573127595,0.0026143956560357004,1,1,0,1,1,,,,,,,0.0072,0.3152170677826957,-0.014008099201916362,0.0034494508846189577,34.66666339129237,1
weak_field,0.0065,38,1,ok,0.31508768519454877,-0.013353291865444336,0.005128622821979724,0.001096836599784558,8088.119348781277,0.01325329376112151,0,0,0,1,1,,,,,,,0.004679999999999999,0.33117350428612496,-0.012062815521596,0.001259158266600726,14.677170335917756,1
weak_field,0.004,38,1,ok,0.329430741826422,-0.0062852846184395525,0.020906232595653176,0.0007902041650761531,17748.02393915483,0.05022123505736594,0,0,0,1,1,,,,,,,0.0028799999999999997,0.3853296207860952,-0.005191686999016574,0.00026228062350334026,7.017841263519023,0
weak_field,0.036,39,1,ok,0.3099980582776134,-0.014000303839525007,1.9653509314066887e-06,0.0004102604858353344,354.7105061268085,8.114504452884781e-05,1,1,0,1,1,,,,,,,0.02592,0.3153741203666965,-0.01413486635262403,0.040986808017175295,421.7732893996633,1
weak_field,0.024,39,1,ok,0.31009323878743017,-0.014078637672828955,0.000121972763637636,0.0004047322658908932,644.4108863681302,0.00021706199412511887,1,1,0,1,1,,,,,,,0.01728,0.3124668696261861,-0.014052549161646328,0.019508788827990203,198.2561156381325,1
weak_field,0.016,39,1,ok,0.3102082130871062,-0.01407263375442787,0.00022051837094580587,0.00041719966969125193,1411.5599410771033,0.00027158982565172443,1,1,0,1,1,,,,,,,0.011519999999999999,0.3116568451776896,-0.01405073130981496,0.008996136780846892,90.6304202735765,1
weak_field,0.01,39,1,ok,0.3103492264520553,-0.013682244803369157,0.0004721519668507703,0.0008263273460778227,3583.1222485376306,0.004224772264383695,1,1,0,1,1,,,,,,,0.0072,0.31570196949459983,-0.013176801742650426,0.0033132910711127757,35.39999044281606,1
weak_field,0.0065,39,1,ok,0.315197548509054,-0.012365990639972709,0.005448348106777543,0.001167295853980666,7986.77092450077,0.011998476344868203,1,1,0,1,1,,,,,,,0.004679999999999999,0.3336468150709225,-0.01025313988036173,0.0010501896274891051,14.390724853697222,1
weak_field,0.004,39,1,ok,0.3341664157493858,-0.007365429562257364,0.025060590078159212,0.0007841026733548582,17358.850073218375,0.04552868625738612,0,0,0,1,1,,,,,,,0.0028799999999999997,0.3857291947200542,-0.007568477282393763,0.00033786785064506794,6.265112727931657,0
weak_field,0.036,40,1,ok,0.30995633198629097,-0.014024298838251693,4.997328247848056e-05,0.00039832780375018053,355.3482999599668,0.00010839780032048241,1,1,0,1,1,,,,,,,0.02592,0.31540796758635037,-0.014250926928542943,0.041124192763596044,419.6966806701876,1
weak_field,0.024,40,1,ok,0.31005024416324883,-0.014062140223180114,7.991172177753413e-05,0.00044533238857861806,645.1644886329134,0.00030924597440342794,1,1,0,1,1,,,,,,,0.01728,0.3128332826258608,-0.013958725598333296,0.01926252257706536,197.19692329524221,1
weak_field,0.016,40,1,ok,0.31011773469069,-0.014045087089705017,0.00012607261022892658,0.0004900446425051951,1410.4364229593689,0.000526373084751021,1,1,0,1,1,,,,,,,0.011519999999999999,0.31190854737506907,-0.014177933615430198,0.00904992418361309,90.30856210451967,1
weak_field,0.01,40,1,ok,0.31102331539045625,-0.01410612061824084,0.0010288031755201965,0.0007577166989442719,3592.3063736227577,0.0029090503238442655,1,1,0,1,1,,,,,,,0.0072,0.3146566972347197,-0.01289808082680017,0.003261339800325917,35.628579079988924,1
weak_field,0.0065,40,1,ok,0.31345550110838716,-0.013452181975477432,0.0034986558130311565,0.0011740365741136141,8374.214480281611,0.015270850154133358,0,0,0,1,1,,,,,,,0.004679999999999999,0.33141745165049985,-0.013454993578529114,0.001328312084650822,13.874188757767852,1
weak_field,0.004,40,1,ok,0.3317622100945525,-0.009990947071494,0.02212840467776664,0.0007570748567315754,18286.365370725944,0.04262285226974555,0,0,0,1,1,,,,,,,0.0028799999999999997,0.38528002288317953,-0.005712105716380671,0.0002752992015722504,6.710893441067778,0
weak_field,0.036,41,1,ok,0.3100085244529209,-0.013971034412273866,3.0193899548097713e-05,0.0004032864692088852,354.95646785044136,7.64478071355256e-05,1,1,0,1,1,,,,,,,0.02592,0.3154346804267632,-0.014170159872859802,0.040939029921075974,420.13680053805814,1
weak_field,0.024,41,1,ok,0.31008335154052813,-0.013957356213641546,9.362676873308319e-05,0.00038062440890659536,643.9440658088411,7.662239484832043e-05,1,1,1,0,1,,,,,,,0.01728,0.3124482824597498,-0.014029921659394146,0.019460641550381307,198.0751926045095,1
weak_field,0.016,41,1,ok,0.31001049751825066,-0.01400903862333027,1.3852602684315633e-05,0.0004575832292769051,1413.6521097765858,0.0004904553091701439,1,1,0,1,1,,,,,,,0.011519999999999999,0.31160202004192195,-0.014111054479135474,0.009017763907612318,90.46642416103303,1
weak_field,0.01,41,1,ok,0.3105148340975084,-0.014188978519841095,0.0005484223089177079,0.0007467749146353305,3618.7624846207123,0.0032185744697468895,1,1,0,1,1,,,,,,,0.0072,0.3143380007007988,-0.013400527441627003,0.003332933966924522,35.037579350162716,1
weak_field,0.0065,41,1,ok,0.3173114695288928,-0.01229068104467812,0.007508618911820619,0.0012770233983881575,8099.273166531548,0.01218039298921121,0,0,0,1,1,,,,,,,0.004679999999999999,0.3341160484255682,-0.011440794363575908,0.0011418071296725068,14.03718643729808,1
weak_field,0.004,41,1,ok,0.3316753799537338,-0.006516891639852627,0.022930743705088002,0.000709983843070611,19702.738121406444,0.04963784987687197,0,0,0,1,1,,,,,,,0.0028799999999999997,0.3874314440108451,-0.004701303342242651,0.00021568875215264853,6.432771470658443,0
weak_field,0.036,42,1,ok,0.30999512442919436,-0.0139888397840832,1.2178735976709622e-05,0.000412943125619342,355.0767733460074,5.1206250853648953e-05,1,1,0,1,1,,,,,,,0.02592,0.3153354434854389,-0.014142520593536777,0.04097176892531312,421.45029278365786,1
weak_field,0.024,42,1,ok,0.3100196622413215,-0.014004954146134565,2.027676743732322e-05,0.00043607437390441047,645.9623136270318,0.0001569765593305039,1,1,0,1,1,,,,,,,0.01728,0.31259152550706404,-0.014092794502376419,0.019488358908851616,197.54203205409067,1
weak_field,0.016,42,1,ok,0.31017955196682656,-0.013861169178109211,0.00022696454766804296,0.0003993540595336663,1414.9853479209175,0.0003579716875227516,1,1,0,1,1,,,,,,,0.011519999999999999,0.3115778555070478,-0.01417972049521507,0.009017882146321243,90.03195400763973,1
weak_field,0.01,42,1,ok,0.31035772297727177,-0.014559460794495131,0.0006640497790416776,0.0008731947906304433,3631.5845728017066,0.005236275445457229,1,1,0,1,1,,,,,,,0.0072,0.31634164711878016,-0.013141263571898033,0.0032460737019073317,34.8048323948539,1
weak_field,0.0065,42,1,ok,0.3142935353805855,-0.013154017539697934,0.0043760864236756574,0.0013001582104991195,8212.314278717644,0.014875206701176593,0,0,0,1,1,,,,,,,0.004679999999999999,0.3350098568224536,-0.011202307032547877,0.00121241285438734,15.189407575874293,1
weak_field,0.004,42,1,ok,0.33219944601408147,-0.009999104499936141,0.022557095738027732,0.0007594443453332507,18151.075200798576,0.04477874462158566,0,0,0,1,1,,,,,,,0.0028799999999999997,0.38744411492725134,-0.009712686235050064,0.00042137919924227594,6.093994692070211,0
weak_field,0.036,43,1,ok,0.3100306035464732,-0.013994375165084217,3.111616661107575e-05,0.0004202660768881549,354.7041892963976,9.602263082389241e-05,1,1,0,1,1,,,,,,,0.02592,0.3153362413254648,-0.014205719105081309,0.041062245209323264,420.5053923091541,1
weak_field,0.024,43,1,ok,0.3100542396199111,-0.01404784481680373,7.232608701624048e-05,0.0003864871550980263,645.5412223672529,9.680358727985235e-05,1,1,0,1,1,,,,,,,0.01728,0.31255822657452015,-0.014221309805470692,0.019676089852500196,197.63027492821152,1
weak_field,0.016,43,1,ok,0.31020933482619895,-0.014096715210991128,0.00023059683756895323,0.0005092343144714338,1414.5362569781373,0.0007142796747793881,1,1,0,1,1,,,,,,,0.011519999999999999,0.3121830433385426,-0.014125448213574462,0.008918894885848721,89.24905095217868,1
weak_field,0.01,43,1,ok,0.3103770560816837,-0.014099140772483785,0.0003898720065654216,0.0005618188309546928,3607.550368956216,0.002621184296189569,1,1,0,1,1,,,,,,,0.0072,0.3136869467148741,-0.014450022343747804,0.0035528087568602257,34.605248297365,1
weak_field,0.0065,43,1,ok,0.3135392886424614,-0.012921377578887413,0.0036999987056731487,0.0011247023370154446,8296.370264458805,0.012646914800231878,0,0,0,1,1,,,,,,,0.004679999999999999,0.33168016327727134,-0.012100483490600441,0.0011936167082556392,13.843518654210271,1
weak_field,0.004,43,1,ok,0.33024926193479215,-0.008992251531062338,0.02085929417866218,0.0007812889039274666,18176.059230605213,0.04223463816572878,0,0,0,1,1,,,,,,,0.0028799999999999997,0.37720930184499735,-0.006838095626677061,0.000333706939220876,6.81286087355452,1
weak_field,0.036,44,1,ok,0.3099939573222334,-0.014051025494696504,5.138205001373502e-05,0.00039678457779298583,355.2533164201717,8.534271292030125e-05,1,1,0,1,1,,,,,,,0.02592,0.3154309596337926,-0.014109894046237017,0.0408225262091672,420.7310229758635,1
weak_field,0.024,44,1,ok,0.310085963215722,-0.01402143304560124,8.8594863852342e-05,0.0004127839273750622,645.2422727725033,6.455913524132852e-05,1,1,1,0,1,,,,,,,0.01728,0.31256635333793037,-0.014002278220032313,0.01939895055218518,197.89511767818715,1
weak_field,0.016,44,1,ok,0.3101069864701703,-0.013916619071471023,0.00013564101165156392,0.0004546584265163898,1411.442273104166,0.0005899605583088253,1,1,0,1,1,,,,,,,0.011519999999999999,0.3118204992557062,-0.013679891101362881,0.00878369248101295,90.85912259008192,1
weak_field,0.01,44,1,ok,0.31069376422274014,-0.013762478667400097,0.0007332974704676622,0.0007778842212917219,3597.15262669603,0.003552536414359587,1,1,0,1,1,,,,,,,0.0072,0.3161322602311071,-0.01374112130567625,0.003398912213348962,34.8522395056024,1
weak_field,0.0065,44,1,ok,0.31335618928400527,-0.013030661049632132,0.0034933686479918075,0.0012225903119554799,8375.579530170791,0.013926046624640425,0,0,0,1,1,,,,,,,0.004679999999999999,0.33433946785424995,-0.011180933658601686,0.0011082866017005806,13.939197186261133,1
weak_field,0.004,44,1,ok,0.3334180592588629,-0.009640631635393304,0.023820360870271236,0.0007485013983967555,17408.440049941808,0.0408012430210936,0,0,0,1,1,,,,,,,0.0028799999999999997,0.37933460989643625,-0.006125276556758505,0.00027016165384735624,6.191474713231154,1
weak_field,0.036,45,1,ok,0.3100231756192626,-0.014045157377467551,5.075724645755657e-05,0.00040916607668001946,355.0703968359984,6.193995091757628e-05,1,1,0,1,1,,,,,,,0.02592,0.31541344108929353,-0.014155754201201104,0.040949991851143175,420.71108936261527,1
weak_field,0.024,45,1,ok,0.3099413833113271,-0.014012254260008508,5.98839133602064e-05,0.0004115552730501439,646.654020784189,0.00020638476547977925,1,1,0,1,1,,,,,,,0.01728,0.3126362404422988,-0.014063763282073193,0.019511151488280275,198.19826474797551,1
weak_field,0.016,45,1,ok,0.3102279691371731,-0.013905892996736273,0.0002466293890977456,0.0004800047581580775,1411.8449687211387,0.0002944739406559854,1,1,0,1,1,,,,,,,0.011519999999999999,0.3120486973098749,-0.013841262481962815,0.008763232736632421,89.53215558879738,1
weak_field,0.01,45,1,ok,0.31099834930216985,-0.014066260998053406,0.001000545775567549,0.0008725967128429531,3566.707462755955,0.0036550667577677667,1,1,0,1,1,,,,,,,0.0072,0.3158312868223804,-0.01277262106079947,0.003233472437819938,35.65207060184806,1
weak_field,0.0065,45,1,ok,0.3146081002751645,-0.012054165311178849,0.005002085643228323,0.0012129429851037226,8088.867497175695,0.011970218039461642,1,1,0,1,1,,,,,,,0.004679999999999999,0.33090399222176503,-0.011012424511639226,0.0011283956459292744,14.411878179290948,1
weak_field,0.004,45,1,ok,0.3303726320306086,-0.011422543481959924,0.020535029046898568,0.0007623278674934675,18999.77615905651,0.05032595316016946,0,0,0,1,1,,,,,,,0.0028799999999999997,0.3883248565267247,-0.007140596168933791,0.000352342004673862,6.912111519033699,0
weak_field,0.036,46,1,ok,0.3100140610486389,-0.013984512788156347,2.0918097894291467e-05,0.0004062258893408809,354.7489356414076,7.400513103282815e-05,1,1,0,1,1,,,,,,,0.02592,0.31547978112570124,-0.014067165930838357,0.04061948561268157,419.96543624656675,1
weak_field,0.024,46,1,ok,0.31000035657897573,-0.013962512687365633,3.7489008483990745e-05,0.0004086083461681487,644.731927432254,0.00019401668831424456,1,1,0,1,1,,,,,,,0.01728,0.3125662233225088,-0.0139679890395043,0.01944710609740691,198.8728493716732,1
weak_field,0.016,46,1,ok,0.31003050006139965,-0.014139348340675817,0.00014264716539239746,0.00043280040282806073,1417.28585978157,0.00042560173322390364,1,1,0,1,1,,,,,,,0.011519999999999999,0.31178422410467016,-0.014016801644907241,0.008904106747183145,89.90019820746069,1
weak_field,0.01,46,1,ok,0.31103651317094483,-0.013706790165400851,0.0010771868735961127,0.0008081899014485893,3577.8993293336416,0.003682068022783473,1,1,0,1,1,,,,,,,0.0072,0.3158674061967001,-0.013569965696285454,0.0033840059600551762,35.12438128154335,1
weak_field,0.0065,46,1,ok,0.3139695257149505,-0.013682324294948478,0.003982217002529294,0.0012347378154983954,8262.96146980087,0.014484842023971847,0,0,0,1,1,,,,,,,0.004679999999999999,0.3328273059563571,-0.010927488342949833,0.0011573261184237612,14.889643699647706,1
weak_field,0.004,46,1,ok,0.3267321656566125,-0.00846752792570681,0.017623098899261648,0.0007770283335184789,18971.515810667315,0.06150946892721393,0,0,0,1,1,,,,,,,0.0028799999999999997,0.3937009740647247,-0.00514566345424118,0.00020705856946727513,5.623119979610705,0
weak_field,0.036,47,1,ok,0.30999655635860096,-0.014030369732006092,3.056434668379145e-05,0.0004078583210998729,355.1526774242961,5.3096053999031125e-05,1,1,0,1,1,,,,,,,0.02592,0.3153479585711556,-0.014212355888245133,0.04110067423979678,420.68541894742907,1
weak_field,0.024,47,1,ok,0.31001893487813376,-0.014033728509943739,3.867999473843228e-05,0.0004041282666508419,645.8775931103445,0.00014086490006581746,1,1,0,1,1,,,,,,,0.01728,0.31248391787175467,-0.01406547382761058,0.019475811712564465,197.74830877014315,1
weak_field,0.016,47,1,ok,0.31016959050152954,-0.014133379293930064,0.00021575674788595222,0.0004826137969018953,1411.0682954393912,0.0006241930482841756,1,1,0,1,1,,,,,,,0.011519999999999999,0.3121566984721244,-0.013522103018131816,0.008661532177265133,90.53786360386486,1
weak_field,0.01,47,1,ok,0.31036671229054086,-0.013915911484286171,0.00037622969381573176,0.0006723328442271288,3598.1270747892904,0.0034023701924621613,1,1,0,1,1,,,,,,,0.0072,0.3162819932524763,-0.013901839144857328,0.003406274750262484,34.52511418481168,1
weak_field,0.0065,47,1,ok,0.31355714322761163,-0.012773274683020096,0.0037627281253184873,0.0010183254009598591,8338.916271535893,0.012843242895578349,0,0,0,1,1,,,,,,,0.004679999999999999,0.3292145807571327,-0.012263058272709994,0.0012705640424516293,14.572685328983589,1
weak_field,0.004,47,1,ok,0.33397195410016317,-0.008650862090881646,0.024561511756223335,0.0007724617361778939,17469.040735711904,0.046388373745129205,0,0,0,1,1,,,,,,,0.0028799999999999997,0.3898624922603623,-0.0047548035268019035,0.0002563595546517752,7.5375442902095235,0
weak_field,0.036,48,1,ok,0.30999664031123386,-0.013946811675894559,5.3294327369343603e-05,0.0003805313053946162,354.8006406871666,5.944503573211438e-05,1,1,0,1,1,,,,,,,0.02592,0.3154254298505911,-0.014099845231694517,0.04081973784397473,421.01051441044757,1
weak_field,0.024,48,1,ok,0.31004390727097997,-0.01392766722741976,8.461606486981872e-05,0.000390420270508969,644.9323252768858,0.0001985363306807297,1,1,0,1,1,,,,,,,0.01728,0.31257828791335307,-0.014149091096916673,0.01959625961507807,197.84065730468075,1
weak_field,0.016,48,1,ok,0.3101966588258054,-0.014083346442382832,0.0002135914867803193,0.0004311556109555991,1415.0696720393307,0.00037049517103862877,1,1,0,1,1,,,,,,,0.011519999999999999,0.3118679680595278,-0.014126646986900178,0.008952127889585977,89.66586503891064,1
weak_field,0.01,48,1,ok,0.31087599149876877,-0.013773136821596256,0.0009048911578917119,0.000912125922370727,3601.3840642455857,0.0043068853750554085,1,1,0,1,1,,,,,,,0.0072,0.3167460621022541,-0.013416535541625401,0.003279223451081336,34.41619311994559,1
weak_field,0.0065,48,1,ok,0.31439987413717657,-0.013421416197712149,0.00443775299439538,0.0011800419023780086,8209.967151301116,0.013874961530085125,0,0,0,1,1,,,,,,,0.004679999999999999,0.33208706681574557,-0.011657790725100946,0.001206987836653365,14.553183090000521,1
weak_field,0.004,48,1,ok,0.3295193578547081,-0.008290246211258625,0.020337320850795496,0.0008084605417708945,17418.772660518538,0.04374836798014934,0,0,0,1,1,,,,,,,0.0028799999999999997,0.37938600471387796,-0.0054080123999712595,0.00028052627926121167,7.282756690096173,1
weak_field,0.036,49,1,ok,0.3100417410239613,-0.01399554106221266,4.1978508876931326e-05,0.00041860803775410404,354.7129970751728,8.398103660582056e-05,1,1,0,1,1,,,,,,,0.02592,0.31542479280299024,-0.014110895181862915,0.040798565675252974,420.46476338652013,1
weak_field,0.024,49,1,ok,0.3100527155267952,-0.014037808060130693,6.487199839793323e-05,0.0004594278396871363,645.0631723959324,0.00017206468838252761,1,1,0,1,1,,,,,,,0.01728,0.31267980633091086,-0.013978289860718451,0.019387487238092627,198.16059229333234,1
weak_field,0.016,49,1,ok,0.3102097149767594,-0.013728490823741979,0.00034307084438861145,0.00044002395389749083,1409.5210436628056,0.00024499484261974373,1,1,1,0,1,,,,,,,0.011519999999999999,0.3115307768935436,-0.014108812595281121,0.009032881029379923,90.63868243324644,1
weak_field,0.01,49,1,ok,0.3108957278240189,-0.013851121729476104,0.0009080160098565765,0.0008294354887886991,3602.333466401858,0.003428123607732685,1,1,0,1,1,,,,,,,0.0072,0.3149130300166233,-0.013451197484453689,0.003371115614374344,35.30547129844643,1
weak_field,0.0065,49,1,ok,0.3139926832477689,-0.014451222305744017,0.004018099188200244,0.001087682345236481,8391.558974968935,0.015025938329091678,0,0,0,1,1,,,,,,,0.004679999999999999,0.33345471521823283,-0.01252328179711074,0.0012630060415255314,14.164776554425607,1
weak_field,0.004,49,1,ok,0.33834990224904854,-0.007699059077520721,0.02904167374720647,0.0007858413138008703,18024.493265589288,0.04278701063795057,0,0,0,1,1,,,,,,,0.0028799999999999997,0.3916785710596783,-0.005707715036732211,0.00028329927168057743,6.926583930498929,0
weak_field,0.036,50,1,ok,0.3099926170732427,-0.013991004843310352,1.1637029319148594e-05,0.0003839549404485993,354.8953352220698,4.875505954408365e-05,1,1,0,1,1,,,,,,,0.02592,0.3153587736244129,-0.014164390488335392,0.04095944923339584,420.63944489594064,1
weak_field,0.024,50,1,ok,0.31001616475141686,-0.014012350875424415,2.0343139190356952e-05,0.0003992426282643619,645.0124399918926,0.00019563588325068772,1,1,0,1,1,,,,,,,0.01728,0.3125905940817896,-0.014055541748826544,0.019492048195736213,198.1022690021054,1
weak_field,0.016,50,1,ok,0.3100805410327709,-0.013828628331890231,0.00018935444697847957,0.00044919350999490456,1408.5449295894666,0.00062106585866589,1,1,0,1,1,,,,,,,0.011519999999999999,0.3118798780868341,-0.014293654294004641,0.00908266739247641,89.90909245568838,1
weak_field,0.01,50,1,ok,0.3111303123555403,-0.013878666198122006,0.0011368060136035516,0.0007098837399299448,3591.8670107029097,0.0026874085907518095,1,1,0,1,1,,,,,,,0.0072,0.31517109536620386,-0.013728325667245526,0.0034336792761778963,35.21499904217433,1
weak_field,0.0065,50,1,ok,0.3153328918427622,-0.01281076880617324,0.0054638819752050125,0.0011864546811598633,8072.163411990346,0.012521570256338063,0,0,0,1,1,,,,,,,0.004679999999999999,0.3336228032524001,-0.01066404918823159,0.0011378001330225253,14.990165778051752,1
weak_field,0.004,50,1,ok,0.33002603069543796,-0.009615558865038386,0.02050037144738033,0.0007863710680842059,17604.802675439558,0.046513529952205555,0,0,0,1,1,,,,,,,0.0028799999999999997,0.38906879853722454,-0.005734330615430857,0.00025290027131709837,6.189162576948592,0
weak_field,0.036,51,1,ok,0.3100281435139181,-0.01397895129398481,3.514406636365218e-05,0.0003907877246822677,354.8409238374243,7.973568078539615e-05,1,1,0,1,1,,,,,,,0.02592,0.31544707133370437,-0.014200850872874437,0.04101425677832065,420.01339704504886,1
weak_field,0.024,51,1,ok,0.3099728649319076,-0.013961183014540746,4.7361062915879533e-05,0.00044185992406274935,645.8504481750691,0.00027677702642999184,1,1,0,1,1,,,,,,,0.01728,0.3127125914452747,-0.013966916691240824,0.019330346534582443,197.74744636177581,1
weak_field,0.016,51,1,ok,0.31026630894197244,-0.014062688694826601,0.0002735878744271056,0.00047010330068818744,1414.3005500204363,0.0004528911301290485,1,1,0,1,1,,,,,,,0.011519999999999999,0.3119055832358265,-0.014212295515601926,0.008994007498424422,89.53458203785628,1
weak_field,0.01,51,1,ok,0.310878935325369,-0.014444140486544318,0.0009847781871920684,0.0008751997914384245,3575.697976276488,0.004137522115683329,1,1,0,1,1,,,,,,,0.0072,0.3154110704527724,-0.013532646908077012,0.003406707453556713,35.41192252785462,1
weak_field,0.0065,51,1,ok,0.31442468350193536,-0.01321341710483151,0.004494055712079087,0.0012513921369224656,8380.206928592948,0.015597902768411807,0,0,0,1,1,,,,,,,0.004679999999999999,0.3344304764532137,-0.010977180349064298,0.0011109457908686543,14.229105569766876,1
weak_field,0.004,51,1,ok,0.3311914814648939,-0.00816003645754981,0.02198144810639394,0.000777758770130709,18748.62751743382,0.030643833215946267,0,0,0,1,1,,,,,,,0.0028799999999999997,0.37806503909998335,-0.008885481039786067,0.0003496470352411091,5.52994581139973,1
weak_field,0.036,52,1,ok,0.30997329898855225,-0.013973341786725305,3.7730681776665444e-05,0.0004170164937695134,355.0848886839075,0.00012409183504333927,1,1,0,1,1,,,,,,,0.02592,0.3153713132268908,-0.014209039227656891,0.0410521290988101,420.2507434349083,1
weak_field,0.024,52,1,ok,0.3100742910658461,-0.013987781286210524,7.528917207155535e-05,0.0003914164227374224,644.098366116615,8.981588122327635e-05,1,1,0,1,1,,,,,,,0.01728,0.31251971028206493,-0.014012355746567492,0.01943949891968554,198.14479220810702,1
weak_field,0.016,52,1,ok,0.3100465003483721,-0.01387985933822661,0.00012882570011483045,0.00044412180319101447,1406.4808840768123,0.0006156846364722036,1,1,0,1,1,,,,,,,0.011519999999999999,0.3119152359145443,-0.013908175420255306,0.00886626413809108,90.18770861650378,1
weak_field,0.01,52,1,ok,0.3107351459956087,-0.013785969123549183,0.0007656688911884891,0.0007361762752475012,3617.570035937138,0.002533256137325037,1,1,0,1,1,,,,,,,0.0072,0.31609973019586846,-0.013875193661828345,0.003420072871325641,34.72959315335433,1
weak_field,0.0065,52,1,ok,0.31439105027039016,-0.011280972562211264,0.005164729681652418,0.0011286398518720892,8131.316315107784,0.011682591993857898,1,1,0,1,1,,,,,,,0.004679999999999999,0.32845912998394206,-0.013429206400036638,0.001374245392391419,14.368312154615493,1
weak_field,0.004,52,1,ok,0.33259276824570394,-0.010608327428715448,0.02284593223825398,0.0007338643788066312,18574.20921668339,0.04126488792247478,0,0,0,1,1,,,,,,,0.0028799999999999997,0.39020306515121683,-0.004528548530882648,0.0002145462499046847,6.557264409943003,0
weak_field,0.036,53,1,ok,0.30999254905318663,-0.014031269069198302,3.214453759107242e-05,0.0004049420732182793,355.30140821976596,0.0001122605495033774,1,1,0,1,1,,,,,,,0.02592,0.3154216868957132,-0.014190529285012944,0.04097116384627341,419.8866783390939,1
weak_field,0.024,53,1,ok,0.3100117535856713,-0.013939397768164302,6.173149341786663e-05,0.0004017196266186851,644.9650200802369,0.00015334064760429811,1,1,0,1,1,,,,,,,0.01728,0.31267494200128587,-0.014062248231000506,0.019467884386436884,197.79336457332602,1
weak_field,0.016,53,1,ok,0.31022897251303655,-0.013926210740340303,0.00024056863171951595,0.00045144601463188044,1409.2807133896135,0.0003331242187654447,1,1,0,1,1,,,,,,,0.011519999999999999,0.3116781619415915,-0.013665701829162597,0.008835038948143222,91.51112960837841,1
weak_field,0.01,53,1,ok,0.3111994909961837,-0.01385848421562064,0.001207810153606232,0.0006507265822071142,3569.595740918998,0.0015867261844346096,1,1,0,1,1,,,,,,,0.0072,0.31403462088652306,-0.013651626643279046,0.003502038574250755,36.11267391457414,1
weak_field,0.0065,53,1,ok,0.3153833045211499,-0.012852799413644398,0.005504183568229476,0.0012601712453484426,8384.366198043039,0.015647440985074975,0,0,0,1,1,,,,,,,0.004679999999999999,0.3358754698286193,-0.011999081890632025,0.001195263695272451,14.009918203516873,1
weak_field,0.004,53,1,ok,0.33246455839640404,-0.008264929996831016,0.023185068727236847,0.000818516736813521,17481.628120373058,0.044174306514772235,0,0,0,1,1,,,,,,,0.0028799999999999997,0.38661517976630116,-0.005307579647154872,0.0002951066153907754,7.780755186457629,0
weak_field,0.036,54,1,ok,0.30998683542758887,-0.014012637117736284,1.8248361883975743e-05,0.0004088401198322189,355.10376858648306,3.7496859223434225e-05,1,1,0,1,1,,,,,,,0.02592,0.3153685765566527,-0.014102798764652237,0.040895219752649044,421.7937688320715,1
weak_field,0.024,54,1,ok,0.30998083018457057,-0.013964524036307326,4.032401050890684e-05,0.0004184135069127961,645.0924513469762,0.00020942213593805307,1,1,0,1,1,,,,,,,0.01728,0.3125651228864886,-0.014130688130723816,0.019545307069021474,197.5774318869962,1
weak_field,0.016,54,1,ok,0.3104303001298149,-0.013692188183584633,0.0005290617317890481,0.00043569114578583467,1405.9196375448162,0.0003417331696249127,1,1,1,0,1,,,,,,,0.011519999999999999,0.3117542595893197,-0.0144053460762687,0.009095605766433647,89.36381429886579,1
weak_field,0.01,54,1,ok,0.3104895316393478,-0.01394118901861228,0.0004930516782795857,0.0007300221397201986,3591.7277943684653,0.002973627466779448,1,1,0,1,1,,,,,,,0.0072,0.31451798636937184,-0.013905949113677677,0.003483945722612236,35.30097842317668,1
weak_field,0.0065,54,1,ok,0.3128132063829791,-0.013632204520965648,0.0028371471001046966,0.0012496777895834089,8206.72104395848,0.01857381974142888,0,0,0,1,1,,,,,,,0.004679999999999999,0.33413250165478825,-0.010286460269122012,0.0010595072419551307,14.487101112949004,1
weak_field,0.004,54,1,ok,0.3303295889854564,-0.007982221697063153,0.0212015528681483,0.000777967922271877,17957.112382041832,0.04539364861914705,0,0,0,1,1,,,,,,,0.0028799999999999997,0.38916992555557867,-0.006025332105556219,0.0002981833034086015,6.950795913149989,0
weak_field,0.036,55,1,ok,0.30995590002446377,-0.014009337761445166,4.507772877045427e-05,0.00044816269255075784,355.3737737863216,0.00015920753722491166,1,1,0,1,1,,,,,,,0.02592,0.31547080385563386,-0.014148138316338958,0.04087418302142601,420.1727583874111,1
weak_field,0.024,55,1,ok,0.310124807224242,-0.014011124730058087,0.00012530204643924518,0.00043148929347151,645.0904761535087,0.00016853793872087134,1,1,0,1,1,,,,,,,0.01728,0.31259982106066136,-0.014243648342803596,0.01962462577698276,196.8214932751086,1
weak_field,0.016,55,1,ok,0.3102388581797417,-0.014120320849307085,0.00026745155974028416,0.00042612686075042117,1410.310636067988,0.0002898150904983064,1,1,0,1,1,,,,,,,0.011519999999999999,0.31204021133111964,-0.013841765444541047,0.008765456700204727,89.55428008229377,1
weak_field,0.01,55,1,ok,0.31084039066013525,-0.01386697577534871,0.0008508536337036091,0.0006107824465073456,3584.4164988814637,0.002360788354692967,1,1,0,1,1,,,,,,,0.0072,0.3140717375614465,-0.013422366992132343,0.0034325749578156288,36.00403282539853,1
weak_field,0.0065,55,1,ok,0.31558313435446983,-0.014861605542264593,0.0056492259054247715,0.0011041764377650433,8328.649375739104,0.011512203020983628,1,1,0,1,1,,,,,,,0.004679999999999999,0.3317382643571373,-0.011588223007458699,0.0012559635876436854,15.211343827697174,1
weak_field,0.004,55,1,ok,0.3312866034895919,-0.009987325598826141,0.021661510657683625,0.00074767143065655,19029.358154561854,0.05625791031819528,0,0,0,1,1,,,,,,,0.0028799999999999997,0.39323670244521813,-0.004943402374690491,0.0002616801938166828,7.382930176205061,0
weak_field,0.036,56,1,ok,0.31001123166809247,-0.014019044933871017,2.2110175808681557e-05,0.0004149339334933723,354.85934673864534,9.0013835528412e-05,1,1,0,1,1,,,,,,,0.02592,0.31535135945240594,-0.014095879083397914,0.040821395246608515,421.2652089291841,1
weak_field,0.024,56,1,ok,0.3099754075520921,-0.013935711190382907,6.88319659466932e-05,0.00040816783227301176,646.7449377630286,0.0001932828950822745,1,1,0,1,1,,,,,,,0.01728,0.3125487000327431,-0.014183970933645875,0.019598782182759143,197.36732333372112,1
weak_field,0.016,56,1,ok,0.3102404406196453,-0.013985808160197776,0.00024085908721155206,0.00045165288638399027,1413.206291099639,0.00026169923956825483,1,1,0,1,1,,,,,,,0.011519999999999999,0.3117326832612149,-0.014155738698244056,0.008963564985074866,89.62184232293343,1
weak_field,0.01,56,1,ok,0.310723090298783,-0.01335840407920701,0.0009666979392614142,0.0006212427776394729,3584.95458722526,0.002205196545313975,1,1,0,1,1,,,,,,,0.0072,0.3139752281003295,-0.013831591111561431,0.0035074149599971594,35.69153095509788,1
weak_field,0.0065,56,1,ok,0.3144921577097274,-0.013144613352254426,0.004572872970705024,0.001215649505727899,8162.712634365643,0.0160416869340401,0,0,0,1,1,,,,,,,0.004679999999999999,0.3367585645727586,-0.01168152233817236,0.001133138465050211,13.62458623309964,1
weak_field,0.004,56,1,ok,0.3303016230994644,-0.006467286171336347,0.021654045305606252,0.0007841575041396667,18487.301882358006,0.05651395798293278,0,0,0,1,1,,,,,,,0.0028799999999999997,0.39645973262242457,-0.004025988147860843,0.0001891885046223252,6.5354106819610545,0
weak_field,0.036,57,1,ok,0.3099823580073778,-0.014002779659210115,1.7859630707459156e-05,0.00038315059339450266,355.072175219231,5.083571882745609e-05,1,1,0,1,1,,,,,,,0.02592,0.3154010937931715,-0.014089511593516298,0.0407611402667569,420.7540212525391,1
weak_field,0.024,57,1,ok,0.3100499131052991,-0.014028146727489461,5.7302324114878085e-05,0.00040382873217955197,644.2833396994955,0.00017646404013202147,1,1,0,1,1,,,,,,,0.01728,0.31251074180468397,-0.013834653923972389,0.019376950468361315,200.036588433848,1
weak_field,0.016,57,1,ok,0.3101876722351563,-0.014296913683662062,0.00035125290517565934,0.00044607990978900715,1411.952227290773,0.0006105350505470903,1,1,0,1,1,,,,,,,0.011519999999999999,0.3122496953145549,-0.013730654614338538,0.008672953858783888,89.2961184616077,1
weak_field,0.01,57,1,ok,0.3112030561892992,-0.013980800160508943,0.0012032093867850476,0.0007104583513030695,3569.209926933902,0.00258888952175531,1,1,0,1,1,,,,,,,0.0072,0.3145589460730002,-0.013983307916585077,0.003528085545629761,35.551112694129046,1
weak_field,0.0065,57,1,ok,0.3145103141501363,-0.013451023730893588,0.004543600849212197,0.0011729019244672305,8248.28434157387,0.015812715833005093,0,0,0,1,1,,,,,,,0.004679999999999999,0.3347287544610938,-0.010910637727041848,0.0011005565729522466,14.16582766455716,1
weak_field,0.004,57,1,ok,0.3295718190104439,-0.00927466059249263,0.02013417323591202,0.0007703265738384553,18028.6069468185,0.03981338379561854,0,0,0,1,1,,,,,,,0.0028799999999999997,0.3728498946797175,-0.005623682173284598,0.0002872792996700244,7.170478537625389,1
weak_field,0.036,58,1,ok,0.3100245327082272,-0.013986679229420644,2.7915886190299995e-05,0.0004130721361713523,354.9347278585556,6.07921932892131e-05,1,1,0,1,1,,,,,,,0.02592,0.31537817449441746,-0.014141903483517423,0.04087897291678798,420.4484921328961,1
weak_field,0.024,58,1,ok,0.31002898221883174,-0.013937070041009662,6.928310578298721e-05,0.00042970914618405316,643.958789236425,0.0001401682069668402,1,1,0,1,1,,,,,,,0.01728,0.3125975294312961,-0.014130937054390428,0.019598552243654897,198.12563384331494,1
weak_field,0.016,58,1,ok,0.3100449448921532,-0.013660086112903539,0.000342872416463743,0.0004531891324632268,1413.153010857033,0.00041354649517044175,1,1,0,1,1,,,,,,,0.011519999999999999,0.31164946315829867,-0.014129042320938664,0.008960355913301502,89.77074682259045,1
weak_field,0.01,58,1,ok,0.31121839788487643,-0.0138119691861555,0.0012328215575769224,0.0009304516884708324,3536.5138913437027,0.0032932119230804067,1,1,0,1,1,,,,,,,0.0072,0.3158662566021727,-0.012468666970987561,0.003167079920378183,35.77356900270241,1
weak_field,0.0065,58,1,ok,0.3137907387933014,-0.013239123018900864,0.0038663463863713213,0.0010777495656560776,8499.853788754841,0.013427850586763813,0,0,0,1,1,,,,,,,0.004679999999999999,0.33193559816996926,-0.012456902475908827,0.0011693829594072469,13.190006617638984,1
weak_field,0.004,58,1,ok,0.3364618403849224,-0.0072812023093184845,0.027301487852595445,0.0008477204347261724,17804.322902471882,0.050001313247892636,0,0,0,1,1,,,,,,,0.0028799999999999997,0.3955492315637423,-0.003017681462117116,0.00026913825115481763,12.461480881061476,0
weak_field,0.036,59,1,ok,0.3100121624201319,-0.0139926165650509,1.4228126198228918e-05,0.0004030786179928751,354.810757204311,3.656373080650443e-05,1,1,0,1,1,,,,,,,0.02592,0.31537755342222895,-0.014099934717738205,0.04080044316113688,420.8873062310558,1
weak_field,0.024,59,1,ok,0.3099881725989187,-0.014024463048252948,2.7172194356804295e-05,0.0003903020857938992,644.4912861570888,0.00015406880195141303,1,1,0,1,1,,,,,,,0.01728,0.31252095084858245,-0.014161556680032014,0.01969677002250833,198.65495332178958,1
weak_field,0.016,59,1,ok,0.31010224250126195,-0.013987002995407104,0.00010306527636739649,0.0004968682525778055,1412.302577157257,0.00046408835000711306,1,1,0,1,1,,,,,,,0.011519999999999999,0.311762233063217,-0.013949908061727842,0.008801099247877427,89.28994234548468,1
weak_field,0.01,59,1,ok,0.3103085925739186,-0.01370189966940586,0.00042906081594341265,0.0007992442289604994,3619.4739635236056,0.003530901459811265,1,1,0,1,1,,,,,,,0.0072,0.3154941139556547,-0.013634302790703228,0.003333497672283997,34.39772180812198,1
weak_field,0.0065,59,1,ok,0.31405898703117247,-0.012499321937570099,0.004327517806582041,0.0011396012724565919,8217.850433796693,0.014971269906862046,0,0,0,1,1,,,,,,,0.004679999999999999,0.3319037888425777,-0.011599830249161846,0.0012046728163024553,14.587746498598559,1
weak_field,0.004,59,1,ok,0.33608403800846254,-0.009098002032172118,0.026540659805353507,0.0007665680183766354,18212.573349788527,0.03874093929343597,0,0,0,1,1,,,,,,,0.0028799999999999997,0.3890891233061029,-0.006475796671758666,0.00029046512880311976,6.297405119622879,0
weak_field,0.036,60,1,ok,0.3100123389069662,-0.013950951174721837,5.057702923550289e-05,0.00040816446893770874,354.71690298854276,0.00010150541174159472,1,1,0,1,1,,,,,,,0.02592,0.31537462927659404,-0.014218154636320857,0.0410988529676826,420.4549188559372,1
weak_field,0.024,60,1,ok,0.3099641192940499,-0.013960338571619393,5.3483211951686057e-05,0.0004036216921158677,645.7882055953613,0.000147257178389767,1,1,0,1,1,,,,,,,0.01728,0.31242600267159265,-0.014179132589418072,0.019644380129732807,197.83212606213075,1
weak_field,0.016,60,1,ok,0.3101114927318173,-0.01398767188578873,0.00011217224098721973,0.0004976226545286861,1415.1200047858874,0.0005896140799923023,1,1,0,1,1,,,,,,,0.011519999999999999,0.311930224166248,-0.013928304084308696,0.008854744936962256,89.93676420568244,1
weak_field,0.01,60,1,ok,0.31044137791328835,-0.013742439229077736,0.0005110303445558326,0.0006400558536813473,3586.995701722347,0.00221599329577909,1,1,0,1,1,,,,,,,0.0072,0.3144866541659451,-0.012521956698364168,0.0032208595713590507,36.24114795566472,1
weak_field,0.0065,60,1,ok,0.3141221273829662,-0.01303049648284315,0.0042346040229493944,0.0012250930685653075,8186.434456939577,0.016245191106778228,0,0,0,1,1,,,,,,,0.004679999999999999,0.3359392307845482,-0.011183522779487792,0.001118387686263263,14.063558342635838,1
weak_field,0.004,60,1,ok,0.3327614642740756,-0.00839814906040695,0.02344066956913645,0.0008046873367166153,17907.114033214213,0.04377191483854323,0,0,0,1,1,,,,,,,0.0028799999999999997,0.387680591005427,-0.006301032842531673,0.0003542093970053572,7.899608930769658,0
weak_field,0.036,61,1,ok,0.3099663421406428,-0.0139889221172232,3.543403707350739e-05,0.0004045854487441158,355.2759508701061,8.245680783105388e-05,1,1,0,1,1,,,,,,,0.02592,0.315383547466546,-0.014070352943816835,0.04073864612410359,421.12124086374456,1
weak_field,0.024,61,1,ok,0.310049026608091,-0.013946324595920793,7.269564845283087e-05,0.00038468162980035027,643.8324218269161,8.812436048538485e-05,1,1,0,1,1,,,,,,,0.01728,0.31250435646923086,-0.013858705695124396,0.019307893984630977,198.97494002956614,1
weak_field,0.016,61,1,ok,0.31011436812767196,-0.014018612431963519,0.00011587273730600446,0.000500783706974559,1416.5365543417079,0.0007149960089966352,1,1,0,1,1,,,,,,,0.011519999999999999,0.31198317739641607,-0.014020590070960978,0.008909786587378803,89.88703132005293,1
weak_field,0.01,61,1,ok,0.3103754334674527,-0.01394096044962184,0.0003800473088872367,0.0007020970864722465,3594.0191921234386,0.0030583214545667346,1,1,0,1,1,,,,,,,0.0072,0.31487309110421813,-0.012930469596187405,0.003250109471171711,35.410546302731504,1
weak_field,0.0065,61,1,ok,0.3135016353898116,-0.012815781321478065,0.003696461048319203,0.0010713194586886696,8271.528254679337,0.014811069895802982,0,0,0,1,1,,,,,,,0.004679999999999999,0.3332169345565013,-0.011424374614514406,0.0011396504921810677,14.003267800708342,1
weak_field,0.004,61,1,ok,0.3275384689654631,-0.009935440688095359,0.01800329236702287,0.0007685527009739428,19623.877109675326,0.04676010100399035,0,0,0,1,1,,,,,,,0.0028799999999999997,0.38283406281347143,-0.008125043366860561,0.00041074264409952477,7.104314821320887,0
weak_field,0.036,62,1,ok,0.310032492239991,-0.013982224308389222,3.703675028773012e-05,0.00041197808952577673,354.8019544327154,6.930935473647581e-05,1,1,0,1,1,,,,,,,0.02592,0.3153807584578296,-0.014077593213594315,0.0407732019384106,421.2667816005479,1
weak_field,0.024,62,1,ok,0.3100390323954118,-0.014032028131605007,5.049088141131424e-05,0.0003948969016867394,644.9293732318577,8.025355946664743e-05,1,1,0,1,1,,,,,,,0.01728,0.3125304732438171,-0.014026849348482784,0.019498809644316127,198.54937014784736,1
weak_field,0.016,62,1,ok,0.31013524956676447,-0.014006198510938537,0.00013539153166957195,0.00043047347528484177,1411.4454966628116,0.0003420973811159796,1,1,0,1,1,,,,,,,0.011519999999999999,0.31187460550699775,-0.01402749491991522,0.008974969305339031,90.52776556740181,1
weak_field,0.01,62,1,ok,0.3109395069707022,-0.013996737151767611,0.0009395126365178113,0.0007106423784780375,3584.750695990912,0.002354101305370468,1,1,0,1,1,,,,,,,0.0072,0.3154011048335854,-0.01395256523439379,0.003499139041896336,35.28297202601925,1
weak_field,0.0065,62,1,ok,0.31565694686682916,-0.01334176786630777,0.0056951134664687125,0.0011841516602159599,8077.880805863629,0.013532603520789598,0,0,0,1,1,,,,,,,0.004679999999999999,0.3310360401060297,-0.010109307593960228,0.0010962493028631266,15.250232081066171,1
weak_field,0.004,62,1,ok,0.3338878948496983,-0.00803966730448608,0.024620257638608367,0.0007668425383523212,18282.328391100295,0.049576995019091116,0,0,0,1,1,,,,,,,0.0028799999999999997,0.3921800799057232,-0.003634697210823487,0.0002167983017393802,8.320350959975599,0
weak_field,0.036,63,1,ok,0.30998960131358066,-0.013985832179680361,1.7574407866474517e-05,0.0003966213781288598,354.8699206700241,7.590228623463505e-05,1,1,0,1,1,,,,,,,0.02592,0.3154223371199173,-0.014148678333488877,0.040884399484448795,420.2318609895555,1
weak_field,0.024,63,1,ok,0.310012261700683,-0.01396894539769253,3.338768677394767e-05,0.0004005678652721225,645.4076246484943,0.00012536722781809748,1,1,0,1,1,,,,,,,0.01728,0.3124665709112164,-0.014155784589855815,0.019621285719596336,197.94708282566017,1
weak_field,0.016,63,1,ok,0.30998228105203884,-0.01409097569461881,9.268515592167466e-05,0.0005157202622510009,1414.522882844245,0.0010358511558147666,1,1,0,1,1,,,,,,,0.011519999999999999,0.3120328552111654,-0.013985495206984307,0.008919305695291488,90.19396869155412,1
weak_field,0.01,63,1,ok,0.3105394042729268,-0.013873312321904707,0.0005540818869380959,0.0007008669931026419,3575.7636511913797,0.00228759560655116,1,1,0,1,1,,,,,,,0.0072,0.314507544531281,-0.013698664206486069,0.0033929526737702187,34.89895927039936,1
weak_field,0.0065,63,1,ok,0.3144362139634717,-0.013959388550498112,0.004436399848923906,0.0011300667841347282,8305.96585444934,0.014550450766775077,0,0,0,1,1,,,,,,,0.004679999999999999,0.33446942212801223,-0.010812296700607316,0.0011144198116170476,14.48952897892107,1
weak_field,0.004,63,1,ok,0.3319352194469831,-0.00995228703028439,0.022305556089739404,0.00082802057999839,17398.630045903035,0.046089934301146815,0,0,0,1,1,,,,,,,0.0028799999999999997,0.3898104316258759,-0.004725368522490858,0.0002873250993421473,8.50913533946182,0
weak_field,0.036,64,1,ok,0.3099798626137394,-0.01399964102126202,2.014058567031594e-05,0.0003946376592057526,355.0145071438802,8.891499354601889e-05,1,1,0,1,1,,,,,,,0.02592,0.3154114484349876,-0.014184233013952562,0.041003316424011005,420.41901572337025,1
weak_field,0.024,64,1,ok,0.30998217685341944,-0.013986708294921426,2.2233622690143906e-05,0.00041689533580670885,646.5759352265809,8.626928790398982e-05,1,1,0,1,1,,,,,,,0.01728,0.31253265532039104,-0.01408703217806276,0.0195166004602562,197.88347040643944,1
weak_field,0.016,64,1,ok,0.3101800495105901,-0.013871119657256351,0.00022142260275195445,0.000426075446723096,1410.7869537232564,0.0005089653971993673,1,1,0,1,1,,,,,,,0.011519999999999999,0.311709853907107,-0.013959708104919272,0.008942233676314654,90.66694829989726,1
weak_field,0.01,64,1,ok,0.31128902995908,-0.01377881433637927,0.001307869004601407,0.0005790142290585993,3557.4106918204498,0.0011806185456633086,1,1,1,0,1,,,,,,,0.0072,0.3142846036772723,-0.013276286370518427,0.0033919645996832,35.98826051409254,1
weak_field,0.0065,64,1,ok,0.3136243267791959,-0.011970035731325553,0.00415409430977336,0.0012017302516873175,8151.963869046614,0.017965527677414144,0,0,0,1,1,,,,,,,0.004679999999999999,0.33539032657780843,-0.01333588878190403,0.0013608578075105095,14.347509443826869,1
weak_field,0.004,64,1,ok,0.3309923220725931,-0.008656274547207665,0.021661786346335806,0.0007679324076188193,19192.389707228776,0.04138971478513391,0,0,0,1,1,,,,,,,0.0028799999999999997,0.3876613520358408,-0.007175953326783404,0.00031510170819413797,6.170517953883174,0
weak_field,0.036,65,1,ok,0.3100333762669315,-0.01397251223468602,4.3238321385544285e-05,0.0004024169381605764,354.7814114345507,5.888957804134679e-05,1,1,0,1,1,,,,,,,0.02592,0.31535473125834806,-0.014102121658870306,0.040899256631014215,421.87718014946466,1
weak_field,0.024,65,1,ok,0.3100643409773728,-0.013906512586271527,0.00011348858046043469,0.0003913483877629671,645.0821891638033,0.00012810716721402705,1,1,0,1,1,,,,,,,0.01728,0.31246243004488067,-0.013995459720382067,0.01940700596590785,198.0226900098438,1
weak_field,0.016,65,1,ok,0.3101835568393648,-0.014010507829748988,0.00018385735711044953,0.0004603274851298644,1417.4427107906117,0.0006180281784306189,1,1,0,1,1,,,,,,,0.011519999999999999,0.311885302356243,-0.013975678597099658,0.008882958011551206,89.92896930116639,1
weak_field,0.01,65,1,ok,0.31105032757971657,-0.01336545549723214,0.0012271245864647078,0.0007046427633496953,3566.492516012036,0.0027916242934745406,1,1,0,1,1,,,,,,,0.0072,0.314200108385459,-0.013673516820153761,0.003434437035629443,35.374850367289426,1
weak_field,0.0065,65,1,ok,0.3168018186484482,-0.013073310344329552,0.006864655173007913,0.0012503031151757018,8221.058883118118,0.014425042267112938,0,0,0,1,1,,,,,,,0.004679999999999999,0.3346810326084477,-0.011233440402750965,0.0011324411613849884,14.161691199607334,1
weak_field,0.004,65,1,ok,0.33159046027626227,-0.009047322128439825,0.02215123005704877,0.000803941662815327,18049.3816724039,0.04528090624089694,0,0,0,1,1,,,,,,,0.0028799999999999997,0.3825336794658749,-0.005371230532058104,0.00024823385317075604,6.481801442116072,0
weak_field,0.036,66,1,ok,0.31000974797179126,-0.014008765249928208,1.3109254759413265e-05,0.0004006945356202178,354.9914262507284,6.178496884932358e-05,1,1,0,1,1,,,,,,,0.02592,0.31538243712828073,-0.014244401250446237,0.04110211439059239,419.7035018051332,1
weak_field,0.024,66,1,ok,0.31002376240974977,-0.014049987135883749,5.534768171275465e-05,0.0004287869961550532,646.1250051819575,0.00021049299856797392,1,1,0,1,1,,,,,,,0.01728,0.31257377412285536,-0.014019045671169213,0.019426203996451296,197.93955145912128,1
weak_field,0.016,66,1,ok,0.31010706403901844,-0.014110239510938328,0.00015367321895133477,0.0004612823950736088,1412.9019011705716,0.0005783018919939755,1,1,0,1,1,,,,,,,0.011519999999999999,0.3119297178973071,-0.013854181339782563,0.008793989211534318,89.7969201080621,1
weak_field,0.01,66,1,ok,0.31027129167757084,-0.013694818031616473,0.00040833222765983697,0.0008338000560211264,3595.22280566706,0.0038107276439106955,1,1,0,1,1,,,,,,,0.0072,0.31531813100060363,-0.01393739968915132,0.003379150020326231,34.12071950831948,1
weak_field,0.0065,66,1,ok,0.31479983110125437,-0.013385493811226971,0.004839007796708856,0.0011141864711367968,8169.454434457667,0.013045233808352458,0,0,0,1,1,,,,,,,0.004679999999999999,0.32881175392080914,-0.01068903457714501,0.0011160542972968002,14.67323122980229,1
weak_field,0.004,66,1,ok,0.3311448264717535,-0.00904654042205374,0.021717284551962614,0.0008363939915578478,17172.654897929697,0.05443954198602062,0,0,0,1,1,,,,,,,0.0028799999999999997,0.3872066149212199,-0.006826997006459132,0.00035321500373249347,7.24805894246046,0
weak_field,0.036,67,1,ok,0.3100080518194528,-0.013992294272521221,1.1144955472211262e-05,0.0004119893506958185,354.67183419597416,5.057702590355439e-05,1,1,0,1,1,,,,,,,0.02592,0.31543615497077776,-0.01420219093177206,0.04103024163081615,420.1237888267202,1
weak_field,0.024,67,1,ok,0.3100301889052723,-0.013999549842335392,3.0192261317466616e-05,0.00043028850540290325,646.2125005918094,5.87139257466092e-05,1,1,0,1,1,,,,,,,0.01728,0.31255714417059155,-0.014009013133380488,0.01940596816577909,197.86755897269887,1
weak_field,0.016,67,1,ok,0.3101386010749596,-0.01419052302749028,0.00023560407887814887,0.000450926882327176,1411.0205785905114,0.00041282343662053984,1,1,0,1,1,,,,,,,0.011519999999999999,0.31204257543899794,-0.013922099493475575,0.008851871543266065,89.91577453942325,1
weak_field,0.01,67,1,ok,0.3103782944686481,-0.013464629738671076,0.0006555364381368629,0.0008033759174824139,3567.9183397510797,0.003495303043916551,1,1,0,1,1,,,,,,,0.0072,0.31466503271112295,-0.013911829637184164,0.003490635034572915,35.35470777773039,1
weak_field,0.0065,67,1,ok,0.31419775914901266,-0.013548319526617107,0.00422198971139851,0.0014018830220214468,8240.816247909443,0.01898612784217661,0,0,0,1,1,,,,,,,0.004679999999999999,0.335647745079351,-0.008634869963814351,0.0009330937675051463,15.197867979566393,1
weak_field,0.004,67,1,ok,0.3371435254629106,-0.009716835965866717,0.027479382611313687,0.0008370569668749975,17241.121092567395,0.04775015405764477,0,0,0,1,1,,,,,,,0.0028799999999999997,0.3881531893694218,-0.004200515342560711,0.0002465390591715718,8.210607479767726,0
weak_field,0.036,68,1,ok,0.3099896381478592,-0.013998366373017037,1.0489838745548525e-05,0.0003900445960517424,354.94656801879046,5.626737460651562e-05,1,1,0,1,1,,,,,,,0.02592,0.31537078442638267,-0.014163713397094687,0.0409815207188238,420.86758643211095,1
weak_field,0.024,68,1,ok,0.3100110792240295,-0.01396978490675658,3.218230981151166e-05,0.0004117913418768071,644.7481683804971,0.00015104660804393687,1,1,0,1,1,,,,,,,0.01728,0.3125981054130669,-0.013970516463110646,0.019351722873442785,197.8751532667087,1
weak_field,0.016,68,1,ok,0.30985494070415326,-0.013908277964838796,0.00017162497209224816,0.000456709316457583,1417.9534830872387,0.0005539073844430657,1,1,0,1,1,,,,,,,0.011519999999999999,0.3117589082444286,-0.013909798203483103,0.0088281422553935,89.82296201191531,1
weak_field,0.01,68,1,ok,0.31106062525727207,-0.013626307278880425,0.001124531985397128,0.0008033567175085949,3560.580359767465,0.002928962945244654,1,1,0,1,1,,,,,,,0.0072,0.3147684971465713,-0.012485163945840929,0.0031753840167063336,35.834568510348326,1
weak_field,0.0065,68,1,ok,0.31513294139420284,-0.012949864091829494,0.005239262618150581,0.0011345305302789903,8350.504047596314,0.014999285111505183,0,0,0,1,1,,,,,,,0.004679999999999999,0.3334628110501684,-0.011078228530741335,0.001132364618596768,14.351098147354515,1
weak_field,0.004,68,1,ok,0.3298532556073722,-0.010550524913028483,0.020150698166249568,0.0008042576248635039,18446.145371477138,0.045997030754959485,0,0,0,1,1,,,,,,,0.0028799999999999997,0.3875897642900155,-0.004285195867754536,0.00025425770129796206,8.33265947394205,0
weak_field,0.036,69,1,ok,0.3100375820385462,-0.014021959061883606,4.352711821492749e-05,0.00039700557891787525,354.82860290014236,6.168585198219374e-05,1,1,0,1,1,,,,,,,0.02592,0.3153986523905363,-0.014127811054217593,0.04091863011749624,421.24208906210765,1
weak_field,0.024,69,1,ok,0.3100639679557805,-0.014049925572406304,8.114469882151374e-05,0.0003750792011202203,644.9570210347005,7.395207739350203e-05,1,1,1,0,1,,,,,,,0.01728,0.31241841835842815,-0.014102616317185618,0.01963767281940909,198.83144257555924,1
weak_field,0.016,69,1,ok,0.31007496533534934,-0.013866121198068489,0.0001534383756126742,0.00044459179803006655,1409.139264882458,0.0006979344380712582,1,1,0,1,1,,,,,,,0.011519999999999999,0.3120318365269184,-0.013603213713069493,0.008691818879455518,90.35822481117607,1
weak_field,0.01,69,1,ok,0.311075742667924,-0.013547473002838064,0.0011670488296350806,0.0008281768168561282,3543.9062585414663,0.002991002683273368,1,1,0,1,1,,,,,,,0.0072,0.3158392580576496,-0.012769724223964931,0.0031800743351833127,35.071962274435705,1
weak_field,0.0065,69,1,ok,0.31447295818996984,-0.011869195618682781,0.004954561764743575,0.0011544422381783972,8134.856339120833,0.012166906133869781,0,0,0,1,1,,,,,,,0.004679999999999999,0.33049334072261033,-0.012729474477533522,0.0013670901202453665,15.098548057806294,1
weak_field,0.004,69,1,ok,0.33204277883488365,-0.009286846827184662,0.02254102729677629,0.0007657183022511337,17847.039663543954,0.04278217212684,0,0,0,1,1,,,,,,,0.0028799999999999997,0.38355958565699055,-0.00555867280434488,0.0003024476869525234,7.589163550327307,0
